0.093675837476,0.005055664151,0.016499828240,0.000450895694,0.000011405908,-0.000000941280,0.000004599951,1
0.103302108316,0.022098955128,0.016712983167,0.001775774599,-0.000068563471,0.000075362793,0.000068248025,1
0.101132965558,0.024008776877,0.029647563969,0.001387812836,-0.000083585100,-0.000042469252,0.000030630225,1
0.097040098822,0.015524893904,0.000431903086,0.001614775498,-0.000012565867,0.000058799497,0.000004894176,1
0.095112703362,0.012927472290,0.033061007070,0.000272917319,0.000008084768,-0.000000373949,0.000001357472,1
0.101362647283,0.022088622050,0.044025381176,0.001097673264,0.000071502756,-0.000007673804,0.000026646363,1
0.105927104904,0.023122184782,0.029975079230,0.000296318187,0.000001089805,-0.000013419775,-0.000008763656,1
0.096446849102,0.010816503492,0.040693496843,0.000729054446,-0.000004717976,-0.000023645886,0.000039428967,1
0.102605685370,0.021780633233,0.003005949325,0.001275458448,-0.000009842197,0.000050817572,0.000022952955,1
0.103906798377,0.019075435356,0.110811118236,0.000909554500,-0.000045956723,-0.000039607942,0.000078905805,1
0.104053372931,0.020143425660,0.090636980179,0.000593611617,0.000019803891,0.000009716682,-0.000038777488,1
0.094395352749,0.014373979513,0.021187696799,0.000081165461,0.000001056343,-0.000001173775,0.000000130591,1
0.094658738379,0.006283616595,0.017240450993,0.000081294750,-0.000000201959,-0.000002030231,-0.000000940999,1
0.095669081254,0.009148373629,0.038487394439,0.000484348653,-0.000019678906,0.000014601165,-0.000007074890,1
0.101063124561,0.019992271309,0.073664575031,0.000129946209,0.000003368704,0.000005147985,0.000002194507,1
0.101409587118,0.017987300374,0.069785062959,0.000080459809,0.000001210711,0.000000294141,0.000001472799,1
0.100897231321,0.016851803273,0.044449681905,0.003013445364,-0.000346591055,0.000123015427,0.000038854325,1
0.099163492119,0.018959543353,0.066031372687,0.001040540506,-0.000086193177,-0.000034694997,-0.000003155061,1
0.095270941296,0.011551703613,0.020757219133,0.000109295006,-0.000000200124,0.000002146731,0.000001634000,1
0.092364181819,0.011892495100,0.029317889108,0.000043149273,0.000000006685,0.000000679128,0.000000485272,1
0.099009332265,0.019174279471,0.045984936103,0.000947400885,-0.000040357551,-0.000041452660,0.000047766410,1
0.100942591927,0.018070588828,0.074979620759,0.000090561819,0.000002117653,0.000003568885,0.000001041424,1
0.093602898992,0.014385809522,0.029743402216,0.000413825780,-0.000007618907,0.000000868639,0.000012358761,1
0.104525046267,0.021902374578,0.070757891881,0.000649789235,-0.000007258636,0.000010580503,0.000043458154,1
0.097093846954,0.012105985325,0.037374099767,0.001989450630,0.000063942707,0.000042776581,-0.000159185343,1
0.104240391366,0.022394653329,0.061806519479,0.000371804846,-0.000005207736,0.000012131735,-0.000017045581,1
0.102773342847,0.016215421443,0.001902073153,0.000352842810,-0.000001200188,0.000011859140,-0.000002629643,1
0.099636532315,0.011305482710,0.058424871510,0.000035341813,0.000000272310,-0.000000988071,0.000000428667,1
0.105450147020,0.024168954041,0.116928683192,0.001879473748,0.000012434500,0.000044698208,0.000278344087,1
0.097915493982,0.015512377416,0.033691938214,0.000260042892,-0.000006203289,0.000010018689,0.000004556914,1
0.105537332378,0.014295450932,0.199983515995,0.003201079758,0.000164752694,0.000062211758,-0.000792985566,1
0.107745265518,0.020999027148,0.045263260974,0.001888018194,0.000022008349,0.000047851203,-0.000173141705,1
0.097929340780,0.017118643716,0.076161275111,0.000020163716,0.000000190229,-0.000000659481,0.000000162021,1
0.098829627879,0.012888567721,0.052736930154,0.001474844913,0.000128860931,-0.000012682892,0.000017693245,1
0.102640350559,0.022344714119,0.023789510151,0.003875901786,0.000288967457,-0.000033855327,-0.000234552843,1
0.107130316980,0.025203980840,0.207530598424,0.001505946519,0.000088122642,0.000052710292,0.000251221597,1
0.095582473555,0.015628382307,0.027431221069,0.000908354105,0.000036201611,0.000003033410,0.000027301731,1
0.099480778550,0.016151219951,0.017200161205,0.001548025429,0.000074687660,-0.000012394880,-0.000028327210,1
0.095327927879,0.010248244430,0.017035348283,0.000528331568,0.000010274119,0.000005678619,0.000012069467,1
0.105043246567,0.024386567584,0.118779366689,0.001129446436,0.000050045741,0.000033842429,-0.000120867232,1
0.097630196189,0.017008035634,0.048608469218,0.000348701304,0.000009239663,-0.000012998804,0.000010987543,1
0.102289945900,0.019639026292,0.008004191856,0.000784478424,0.000011993942,-0.000029811591,-0.000015574536,1
0.096680677198,0.011641443876,0.056141033952,0.000545950762,0.000012141840,-0.000015437285,-0.000027679300,1
0.099965099962,0.014634398805,0.092402982902,0.002077902569,-0.000249477242,-0.000071049026,-0.000143744365,1
0.101683473233,0.019389404972,0.060888378410,0.000014341584,0.000000103234,0.000000551184,-0.000000085461,1
0.103416409068,0.013170532018,0.047446463416,0.001659928688,-0.000019353283,0.000030231856,-0.000146034483,1
0.105873606367,0.023579633572,0.058802636665,0.000620171118,0.000034066717,-0.000023839140,-0.000015557987,1
0.101549093433,0.018510467305,0.029919878645,0.001230290176,-0.000065484519,0.000050480503,0.000035824722,1
0.100533378465,0.016865701624,0.018711928606,0.000244400988,-0.000005156015,0.000010026280,-0.000000855664,1
0.095719697615,0.013189054111,0.034631834868,0.000721749327,0.000030615422,0.000001885355,0.000019098873,1
0.100736498782,0.021968431392,0.004816482646,0.001207871281,0.000028843972,-0.000002105978,0.000004098667,2
0.103042993991,0.025696292461,0.009018873576,0.001067326828,0.000021692585,-0.000033231820,-0.000025020442,2
0.102298171396,0.019882551416,0.049725241104,0.001804623836,0.000163444200,0.000013660714,-0.000050098028,2
0.099975086567,0.020970133948,0.034821338837,0.000714591467,0.000020358810,-0.000027913825,0.000029260013,2
0.104741779660,0.028472639335,0.043538472598,0.000048390418,-0.000000610444,-0.000000427857,0.000000347425,2
0.106222229543,0.025838187187,0.098073980084,0.000597723242,-0.000034763015,-0.000003756942,0.000029764186,2
0.093527546566,0.008852604244,0.014976056756,0.000626573460,0.000018802288,-0.000003264794,-0.000003855999,2
0.097525995807,0.018058414634,0.035467263800,0.001099214141,-0.000055941291,-0.000017067441,-0.000039763732,2
0.097760419951,0.018691721271,0.034413765427,0.000541655213,0.000002789742,-0.000022126571,0.000023218712,2
0.101625211665,0.019114793533,0.058832168553,0.000445685500,0.000010831473,-0.000017761030,0.000020087669,2
0.097344289285,0.014433822784,0.070824658382,0.000309774673,-0.000012972302,-0.000009783583,-0.000006500258,2
0.102259387150,0.019389881684,0.044477574727,0.000193116349,0.000004231718,0.000000366747,-0.000003758405,2
0.102782833112,0.024867604974,0.074879064490,0.000439692415,-0.000023810283,-0.000009462696,-0.000008341674,2
0.105795763325,0.021071640966,0.015692188711,0.001126103828,-0.000046741913,0.000051588104,0.000007488306,2
0.104476121639,0.029667214604,0.019877938311,0.000648139101,-0.000011025270,0.000030739525,-0.000020485754,2
0.102106101843,0.026105482530,0.007704767925,0.001886414995,-0.000017766870,-0.000042050098,0.000069688524,2
0.102335872058,0.023548839381,0.019355347322,0.000385772676,-0.000009410550,0.000017941181,0.000004749985,2
0.101491871113,0.023815787078,0.000594705703,0.002241195694,-0.000013184488,0.000108005957,-0.000022263315,2
0.097183671718,0.014326872328,0.039446970334,0.001339813307,0.000090653056,0.000011928593,-0.000035628756,2
0.099587983744,0.019975284578,0.018146639819,0.000131641962,0.000000931810,0.000002061144,-0.000001808737,2
0.098163022076,0.010237923362,0.069548409485,0.000376911239,-0.000006146665,-0.000012044382,0.000018292459,2
0.105695563933,0.023185183669,0.002782312564,0.007196922838,-0.000296774814,0.000346060405,0.000125063489,2
0.095576372575,0.013043977286,0.003163922117,0.000856552227,0.000014099394,0.000030412330,0.000000198897,2
0.097486426926,0.016597495984,0.013755463485,0.001579537593,-0.000061130680,0.000060425100,0.000041034885,2
0.093636256245,0.009738278031,0.019350176894,0.000715147445,-0.000013688523,0.000019916229,0.000022811423,2
0.095970479876,0.010798869122,0.083040406624,0.000485765861,-0.000029094504,0.000015915667,-0.000010264700,2
0.100915545745,0.018072937993,0.016378793052,0.000733336871,0.000025011854,-0.000011762731,0.000004510831,2
0.103281517691,0.024531175584,0.025911615406,0.001337104019,0.000048505880,0.000024334522,-0.000061979422,2
0.097392280276,0.012036408747,0.022378342867,0.001077027313,-0.000048049397,0.000036323939,-0.000022069620,2
0.095826112249,0.007109556015,0.010539985673,0.001527600074,-0.000043405215,0.000039018575,0.000043280805,2
0.101798659440,0.023046558525,0.035019537244,0.000011533373,0.000000033151,0.000000470139,-0.000000065372,2
0.096428451380,0.013775062409,0.001590277489,0.000085468664,-0.000000089442,0.000001780134,0.000000302138,2
0.105122290110,0.028702782606,0.012963767284,0.001079914726,0.000025707704,0.000014777675,-0.000031173522,2
0.092422680640,0.008651046290,0.068591601591,0.000178214756,-0.000005706048,-0.000002286650,-0.000002503030,2
0.096388039845,0.013899022573,0.024335654121,0.003215318469,0.000185937865,0.000045480690,0.000215222834,2
0.097911187589,0.013254721482,0.014852404102,0.002209850819,0.000105649535,-0.000008258694,-0.000069759645,2
0.097997734090,0.014463026623,0.007701218082,0.000935635865,0.000004317697,0.000015171056,0.000024741474,2
0.094118989378,0.009573419888,0.005566334753,0.000617645727,-0.000006147036,0.000012825539,0.000009662805,2
0.095675162719,0.015975268312,0.051306217160,0.000100725989,0.000002232562,0.000003909743,0.000000508767,2
0.099359779072,0.017662804153,0.054258251609,0.000742900390,-0.000021194482,0.000024435348,-0.000042135765,2
0.094462382384,0.007979977908,0.064028370422,0.000118430893,-0.000003007679,-0.000002834763,0.000001260794,2
0.096793089990,0.012857469000,0.002658800566,0.002081413179,-0.000048545208,0.000071436848,0.000006393282,2
0.095926063836,0.009908688267,0.009588155615,0.000771532514,0.000019261270,-0.000006035152,-0.000008327860,2
0.094116057683,0.008478962890,0.015652893238,0.000763333025,-0.000002886777,0.000018508211,0.000026227294,2
0.109945589109,0.028870863060,0.053994939139,0.000434530893,-0.000020484948,-0.000016946402,-0.000004835124,2
0.099036052243,0.014261891504,0.037102773475,0.006651012557,0.000661692211,-0.000009313707,-0.000808565940,2
0.110049958131,0.037604798553,0.003675556494,0.001380061208,-0.000027180988,0.000081604856,0.000015075980,2
0.102091473295,0.015602570000,0.047651230469,0.001536492508,-0.000080045219,0.000048964014,-0.000104295766,2
0.097743439028,0.017935519876,0.035896541618,0.000072381296,0.000000868654,0.000002673742,-0.000000778891,2
0.092721575937,0.007564841488,0.015165286162,0.000166181989,-0.000000515536,-0.000004566411,-0.000002587299,2
0.091899267715,0.007710885869,0.024873848281,0.000782671434,-0.000031850905,0.000021167693,-0.000013344780,3
0.095738015695,0.007850795465,0.016596792059,0.001839851524,-0.000039049864,0.000036135023,0.000093870036,3
0.095793210545,0.012928139380,0.014622138630,0.001758410651,0.000075170672,0.000015505697,0.000047952641,3
0.101066041355,0.013577124748,0.067720544315,0.000949370884,0.000066967016,-0.000003120707,-0.000036195048,3
0.098054620787,0.012766780617,0.011255682576,0.002560049036,-0.000057052598,0.000057773741,0.000125019951,3
0.094907988558,0.010002673863,0.012587793876,0.000228404533,-0.000001310511,0.000005959585,-0.000003644395,3
0.094109022405,0.008583486287,0.056802587655,0.000592503749,-0.000007904527,0.000011560952,-0.000033452046,3
0.096981039499,0.011603994729,0.019719169584,0.000060054702,-0.000000607677,0.000001713972,0.000000240475,3
0.100081646524,0.022521791479,0.024948864062,0.000253254592,-0.000004418516,0.000010736976,-0.000004582760,3
0.094084418785,0.014479321897,0.034724566969,0.000066371834,-0.000001003750,0.000002517282,0.000000088152,3
0.095959001572,0.015000724208,0.031007062013,0.000325291475,0.000004186395,0.000007674697,-0.000009444690,3
0.101360966547,0.024975290957,0.002147013063,0.002278144469,0.000023098740,0.000078545186,0.000044776733,3
0.102950084793,0.022893634364,0.008090964284,0.000535397339,-0.000009014250,0.000024103921,0.000006551091,3
0.093074704142,0.008010864332,0.000446581669,0.000307363646,-0.000000807209,0.000008556275,0.000000803225,3
0.102275463279,0.031079707393,0.042063380369,0.000505562430,-0.000023298330,-0.000020053910,0.000000850940,3
0.101764387113,0.028464073869,0.009113406007,0.000064820959,0.000000231242,0.000002666229,0.000000441295,3
0.100405362442,0.017895642114,0.020131332973,0.002582882895,-0.000035088564,0.000091622773,0.000182913601,3
0.090860104354,0.009618314930,0.051437509875,0.000397335199,0.000016957867,0.000010968774,-0.000005924116,3
0.093054809024,0.009516865718,0.014129738436,0.001435343168,-0.000039157236,0.000040510654,0.000051429832,3
0.099539579767,0.016536948358,0.075373047407,0.000794558583,-0.000032440017,0.000026950095,0.000052235367,3
0.103450646844,0.020359171974,0.017200917064,0.001024809588,0.000042989235,0.000004078080,0.000001801155,3
0.097854660960,0.015475488585,0.009436324545,0.000310345031,-0.000004506930,0.000011839559,-0.000002809502,3
0.101307704233,0.021290451324,0.039329530120,0.000303044709,-0.000002927899,-0.000013903857,-0.000010044064,3
0.101950451823,0.020290818950,0.036081412734,0.000172722833,-0.000001534929,0.000002389728,0.000004029427,3
0.095476593483,0.009424664236,0.058258296719,0.000771260620,-0.000046833171,0.000022373756,-0.000021895708,3
0.097001501899,0.016423284997,0.010547442083,0.002002225715,0.000091847571,0.000042579115,0.000005493585,3
0.098222461579,0.012582244501,0.006576860809,0.001310149460,-0.000036199838,0.000043722064,0.000012985222,3
0.094802547137,0.014514749151,0.023209252428,0.000045353018,0.000000433079,-0.000000915637,0.000000170156,3
0.106846212733,0.026043078363,0.007743255369,0.000043751655,0.000000196446,-0.000001806487,-0.000000162045,3
0.099337803809,0.017440863999,0.037320241300,0.000132799084,-0.000002406573,0.000004978855,0.000001717199,3
0.105770401499,0.022582828710,0.093874083445,0.000446289135,0.000025905544,0.000020199947,0.000012780529,3
0.095416473077,0.013445071617,0.035417843530,0.000060901986,0.000000700920,0.000001866614,0.000000555662,3
0.094941431532,0.009842899080,0.022002657645,0.000200323324,-0.000002250543,0.000000638129,0.000003552842,3
0.096301249494,0.015746944495,0.019161808029,0.000114090634,0.000001542518,-0.000001580086,0.000000682878,3
0.096256780593,0.010929176691,0.057914487315,0.000221790761,-0.000000314308,-0.000007319998,-0.000007942716,3
0.109667856429,0.031220380338,0.075079058154,0.000675257036,0.000012997131,0.000025740392,0.000046289808,3
0.096150209613,0.005056192796,0.100373931325,0.001520721606,-0.000183687744,0.000033424745,0.000039477045,3
0.100729797661,0.016008182835,0.026642307190,0.001130785256,0.000049447098,0.000018103031,-0.000037512861,3
0.099986907492,0.018544353668,0.054792017180,0.001724130269,0.000117042888,0.000010324130,-0.000119928850,3
0.105297457608,0.032180366230,0.044485045097,0.000775720756,-0.000030167967,-0.000003384805,0.000034152391,3
0.105108440477,0.023064996528,0.076450722354,0.000241551753,-0.000004050346,0.000002969474,0.000009557376,3
0.102817976996,0.022959513250,0.005661450864,0.001909854106,-0.000037932824,0.000083226545,-0.000050050204,3
0.092377049866,0.004020085301,0.033494121094,0.001411347505,-0.000017097202,0.000020209057,-0.000095518442,3
0.095313480089,0.007326487824,0.060823568891,0.000412217489,0.000007890606,0.000005934410,-0.000019072994,3
0.107666825050,0.033011114726,0.038627272959,0.001338938877,0.000055840488,-0.000060628091,0.000078446807,3
0.098508443407,0.018517014762,0.031931561029,0.000653809765,0.000011214145,-0.000021904197,-0.000027688867,3
0.097471774279,0.013829811412,0.120591223069,0.000503428262,0.000002435260,0.000006746450,0.000039149448,3
0.098730549170,0.020713046701,0.034652005785,0.000377221575,-0.000010900668,-0.000002685086,0.000008196193,3
0.100599651139,0.018001740166,0.073117915968,0.000087669889,0.000001001186,0.000002690871,-0.000001981046,3
0.093318693119,0.010795933430,0.038198934628,0.000304017577,0.000010348719,-0.000002849615,-0.000000490408,3
0.096971336719,0.011564797775,0.005411103591,0.002252073358,-0.000066245818,0.000070539197,-0.000042333575,4
0.100128949294,0.015614474788,0.048957049991,0.000543772773,0.000027861714,0.000021392385,0.000003300491,4
0.098417502297,0.019231512539,0.042453733667,0.000026953747,-0.000000287407,-0.000000634635,0.000000023030,4
0.103697139441,0.017233062845,0.062392011035,0.000984307148,-0.000072784200,-0.000035274415,0.000025544355,4
0.098370922797,0.017600495263,0.081444572274,0.000273335258,-0.000008691368,-0.000010895795,-0.000009527953,4
0.090642087587,0.005865283098,0.032041053503,0.000154468496,0.000003411016,-0.000001552252,-0.000000417538,4
0.095503467202,0.008545949842,0.024686071059,0.000557411329,0.000002984818,0.000007226194,0.000020460533,4
0.092913452316,0.005949064908,0.028986996636,0.000052254493,-0.000000640790,0.000000987035,0.000000054613,4
0.096151985523,0.013892881659,0.019943800798,0.000194297645,-0.000002119602,0.000005227389,-0.000003183732,4
0.090199159640,0.004888901018,0.019946245909,0.000219556932,-0.000001525194,0.000002727129,0.000004334107,4
0.100469430643,0.026063084348,0.028861949450,0.000622990304,-0.000007367720,0.000004123192,-0.000025368852,4
0.100917929955,0.017170112433,0.058725969948,0.000541018563,-0.000029684311,0.000021219592,-0.000006986194,4
0.101009274688,0.017411167120,0.066742919979,0.000081239577,0.000001260594,0.000002858941,-0.000001410483,4
0.097979654710,0.010293494320,0.033346910242,0.001931567429,-0.000084334408,0.000045777524,0.000130074778,4
0.094152922827,0.005469667931,0.016816317801,0.000332254337,-0.000006301351,0.000006998820,-0.000004687511,4
0.095474785639,0.007629001649,0.027881243354,0.001181577502,-0.000067814221,0.000032138902,0.000000778479,4
0.102212547143,0.021695407196,0.050273860843,0.001117999056,0.000074611598,0.000050695973,0.000038189481,4
0.102547526034,0.020657939809,0.028181408917,0.000180653789,-0.000002619498,0.000006201045,0.000003123038,4
0.097740890317,0.014377159427,0.027375651329,0.000890626265,-0.000003341010,-0.000030109057,-0.000043849893,4
0.100163304031,0.015406733888,0.017111794187,0.000090349763,-0.000001059527,-0.000002168906,-0.000000373434,4
0.108532264290,0.033475202616,0.089413819822,0.002553836807,0.000376640638,0.000146897559,0.000084098016,4
0.103661468006,0.023935238084,0.042202212217,0.000594156352,-0.000028397995,-0.000022950772,-0.000008873883,4
0.099849383694,0.019620726354,0.035024410989,0.000231436683,0.000001667828,-0.000009589114,-0.000006374646,4
0.095817429355,0.011088893553,0.026039248960,0.000510646628,0.000009675293,-0.000012513254,-0.000015909666,4
0.098654632398,0.009226159637,0.021245094883,0.001125480008,-0.000048784381,0.000032822565,0.000025473401,4
0.094508960276,0.006931469413,0.052456450877,0.000545974133,0.000016634436,0.000007643232,0.000024021133,4
0.095737970837,0.011421102783,0.046624706181,0.000113584914,-0.000001588770,-0.000003801401,0.000002075641,4
0.096706225882,0.011770320044,0.059134391442,0.000126883779,0.000003366074,-0.000002576103,-0.000000865626,4
0.090917384519,0.003334782176,0.020893757262,0.000263367594,0.000000093724,0.000003265536,-0.000006177344,4
0.094063323057,0.010555789161,0.004807422019,0.000317163033,-0.000002380056,0.000010114833,0.000003110149,4
0.095794199475,0.018143880697,0.001558134052,0.000288410240,0.000001038397,-0.000005056474,-0.000001630862,4
0.102931864032,0.032345431278,0.020745709919,0.001327240885,0.000037385893,0.000035107219,0.000058759638,4
0.096749719211,0.010621595417,0.001666548343,0.000146637939,-0.000000154674,0.000001208476,0.000000708207,4
0.094770482913,0.009848077724,0.046242279987,0.000442407775,0.000012036766,0.000002226061,0.000015985263,4
0.099192260164,0.023693694719,0.005254510391,0.002430403612,0.000080356798,0.000094794668,-0.000032957406,4
0.097924243636,0.014001806627,0.029111915798,0.000376007651,0.000000047640,0.000005473207,0.000012440196,4
0.103320796723,0.026799604760,0.025918731826,0.000449105747,0.000009814841,0.000018077189,0.000011766396,4
0.096472306401,0.015954193295,0.015114472917,0.000017152628,0.000000045428,-0.000000568468,-0.000000074591,4
0.098900601991,0.014608234293,0.016786738552,0.001646535252,-0.000066673172,0.000060226977,-0.000055209573,4
0.094300262577,0.010225438065,0.040649352530,0.000120356576,0.000000951240,-0.000003753024,-0.000002486394,4
0.099163723171,0.020169766554,0.037605482102,0.000120734849,0.000001213099,0.000004356403,0.000002268641,4
0.092039751270,0.009464209247,0.024500072107,0.000736823910,-0.000011746271,0.000020834866,-0.000029018929,4
0.100830323833,0.022413869525,0.020043610392,0.000504630827,-0.000015552260,0.000022657136,0.000003962122,4
0.101996351304,0.016754431452,0.003932873334,0.000097199984,-0.000000519794,0.000003728644,0.000000301632,4
0.099322073720,0.022238899475,0.027891692109,0.000930330324,0.000043110170,0.000038066288,-0.000019682287,4
0.101263686069,0.024366037946,0.041880239343,0.000487983524,0.000021766920,0.000023851802,-0.000003586094,4
0.101977099106,0.020692005051,0.111342008655,0.001156515872,-0.000038534001,0.000012760089,0.000125452504,4
0.096547750232,0.013001044042,0.040670381489,0.000518588845,-0.000003118584,0.000014141174,0.000023611216,4
0.092773348982,0.005766932071,0.059468166987,0.000770143834,-0.000046492408,0.000018117972,0.000023556226,4
0.099371849124,0.018395351126,0.012826577973,0.000017215727,0.000000002709,-0.000000723284,0.000000080854,4
0.100101375068,0.013332854121,0.069614904967,0.000389474132,0.000015996406,0.000000450407,0.000012465772,5
0.096464326025,0.013156659783,0.008734051350,0.001266333607,0.000040053408,0.000025858574,0.000013013174,5
0.100176933283,0.021376673490,0.008786853907,0.000034564967,-0.000000013962,-0.000001597010,-0.000000189977,5
0.090390387692,0.003091126286,0.012737560318,0.000338784583,0.000004310442,-0.000002666538,-0.000005563166,5
0.102972112548,0.022549414428,0.014213901625,0.000388987814,0.000008544205,0.000018210808,0.000003264541,5
0.103506666923,0.020556930066,0.048283584504,0.000125359385,0.000001680072,0.000003871758,0.000002586372,5
0.101628028247,0.022886331968,0.007822626540,0.000826594552,0.000020720568,0.000013523031,0.000003530246,5
0.099810620823,0.015110484048,0.028415903926,0.000527223104,-0.000019156296,0.000020337381,0.000007033418,5
0.097648689828,0.012723816412,0.018538739832,0.000818456720,0.000008906398,0.000012620951,0.000030611802,5
0.097751065815,0.019435839171,0.015136601610,0.001849079299,-0.000008721704,-0.000024030540,-0.000097434893,5
0.099476498105,0.017548205431,0.005782304554,0.001412948787,0.000011911980,0.000042131463,-0.000038590198,5
0.103652417196,0.029696374555,0.028073173374,0.000017033445,0.000000117410,0.000000909497,-0.000000009430,5
0.102748160766,0.024495463453,0.032334839565,0.001433470904,-0.000082365911,-0.000069377972,0.000052347405,5
0.101333816344,0.018363581481,0.092296384031,0.000029648989,0.000000143439,0.000000806918,0.000000469021,5
0.094544966410,0.008453601377,0.067650672990,0.000477771414,0.000018549814,-0.000010054720,-0.000019841727,5
0.097742607052,0.016359138732,0.080362956041,0.000653867423,0.000036814769,0.000023828712,0.000029854127,5
0.102059869164,0.021294350168,0.062106356679,0.000340269869,-0.000012871430,-0.000004310923,0.000008888804,5
0.098219208577,0.018575060145,0.039855445863,0.000024295790,0.000000229888,0.000001045530,0.000000065651,5
0.106056711019,0.022011428255,0.083680768400,0.000369194345,0.000002711192,0.000009978382,-0.000020340964,5
0.097467590294,0.015310338213,0.058277406078,0.000048978551,0.000000658491,-0.000001558109,-0.000000501116,5
0.100733190184,0.021275466907,0.042390702844,0.000025455391,0.000000006875,0.000000590528,-0.000000264337,5
0.100098802328,0.013134237188,0.089075899204,0.001017730302,-0.000044884315,-0.000036645057,-0.000085879225,5
0.096912202206,0.016202316676,0.013495112367,0.000736152240,0.000022317320,0.000002795636,-0.000006348657,5
0.096484563412,0.009490706693,0.025635746257,0.000480282098,-0.000004801046,-0.000011569688,-0.000016154286,5
0.092130778106,0.003768818030,0.005515981317,0.000722809657,-0.000009288267,0.000011544140,-0.000011046749,5
0.103747178032,0.020775761663,0.056490220058,0.000119795382,-0.000002774681,0.000004900204,-0.000001418733,5
0.096461565106,0.008905856123,0.003546675080,0.000405782745,0.000004354507,0.000005326585,0.000002176177,5
0.113192967561,0.042027576570,0.105701562374,0.003577910292,0.000579071531,0.000205381577,-0.000385765221,5
0.096096353516,0.008054325225,0.019819164418,0.000760466931,-0.000026131886,0.000021265014,0.000013738370,5
0.104299345529,0.024428322333,0.035396255165,0.000314611972,-0.000007803635,-0.000014025915,0.000007023462,5
0.112024954518,0.042692960598,0.007437182825,0.000683839890,-0.000013391058,-0.000041573236,-0.000007649338,5
0.101610846498,0.017041769588,0.067369082093,0.000036036018,-0.000000088157,0.000000574635,0.000000554518,5
0.100029056752,0.011398326361,0.037563664222,0.000650711849,0.000021378236,-0.000018094551,-0.000024040718,5
0.102047016720,0.021256614407,0.038309435409,0.000471145566,0.000008177953,0.000014432345,-0.000018269553,5
0.100081725824,0.013929484539,0.111132865982,0.001035770763,-0.000102967815,-0.000013896000,0.000041793258,5
0.098279062532,0.016338527443,0.057082108353,0.000302585418,-0.000012542595,-0.000007414828,-0.000000907811,5
0.109755246063,0.033945197537,0.022497664366,0.000001476277,0.000000000991,0.000000032707,-0.000000002501,5
0.098009994287,0.013621008901,0.061814432146,0.000595152944,0.000029616886,-0.000012802924,-0.000020638163,5
0.095679800779,0.011974918725,0.047439002956,0.000412481863,-0.000008620748,0.000000273428,-0.000016081373,5
0.103474419868,0.023387340815,0.106447026296,0.000943971647,0.000091161966,0.000044315444,-0.000025364495,5
0.105023891425,0.030064700445,0.003907169966,0.001116684333,0.000023002818,0.000053741492,-0.000003865084,5
0.100219535276,0.017917787528,0.059788800055,0.000037821985,-0.000000135185,0.000000584328,0.000000552457,5
0.099699277588,0.020916653308,0.054579514733,0.000419475565,0.000012751379,0.000014575687,-0.000015500264,5
0.098219309791,0.014170932487,0.026714155415,0.003067735561,-0.000250190677,0.000115089141,0.000120538920,5
0.097335696614,0.013498505435,0.014158904299,0.000549947323,-0.000008135128,0.000016940993,-0.000013012332,5
0.101406032046,0.023752197762,0.003990352139,0.000285050496,-0.000001452677,0.000012054780,-0.000002670572,5
0.093730580671,0.005705229916,0.059763552017,0.001153183564,-0.000010017870,0.000020220287,0.000095208333,5
0.105681471678,0.025905942801,0.023828719242,0.000876707434,0.000039034924,0.000001271264,-0.000009054063,5
0.098323706226,0.020067617415,0.036723677536,0.000480232661,0.000006675865,0.000011232987,-0.000019030454,5
0.097214501706,0.014273843028,0.035118501709,0.000020891957,0.000000040894,0.000000501356,0.000000174217,5
0.098782722687,0.004310713627,0.106602759266,0.000868641318,0.000036455678,0.000001718093,0.000075219478,6
0.093718500442,0.009645085241,0.017840972240,0.000675208818,0.000009406928,0.000011398789,0.000021464217,6
0.106021531857,0.031830447982,0.001480608920,0.001577361859,0.000008078588,0.000075438058,-0.000022711546,6
0.095103449424,0.011205024690,0.049551625618,0.000365896712,0.000014142324,-0.000007313395,-0.000006536839,6
0.093629280185,0.006546153215,0.047830240358,0.000398306142,0.000017240839,0.000010186719,0.000002234859,6
0.092386625584,0.004792247558,0.019736297118,0.003025037506,0.000173069693,0.000027342397,0.000157099485,6
0.100824346185,0.025823793039,0.019060501982,0.000321068036,-0.000007424553,-0.000007475398,-0.000002821513,6
0.095189909901,0.015393879977,0.034340021728,0.002490497632,0.000113247891,-0.000040851792,-0.000200553453,6
0.098775221127,0.016533512672,0.058818236256,0.001086196352,-0.000085900297,-0.000027959811,0.000012601872,6
0.094450846408,0.009900664411,0.066735574779,0.000068660683,0.000001206114,0.000001969976,0.000000839898,6
0.099499131301,0.013275893316,0.013862227696,0.001157523625,0.000039000687,-0.000009822417,-0.000025077241,6
0.094370829670,0.007177651894,0.032552879209,0.002834542403,-0.000068419296,-0.000063383101,-0.000263545743,6
0.090963161197,0.004878763854,0.043002168883,0.000588267119,-0.000026469060,-0.000012255324,-0.000013221349,6
0.098196550015,0.013543239154,0.007700792076,0.001575463684,0.000003137111,-0.000002753163,-0.000054785984,6
0.092915079021,0.014319469066,0.000607563371,0.000067914760,-0.000000135453,-0.000001722147,-0.000000026162,6
0.094601214575,0.010611194905,0.025906570505,0.000948040044,-0.000046909932,-0.000029805818,-0.000002627480,6
0.095609969251,0.004865439053,0.032053466933,0.001962950434,0.000142887578,-0.000002760902,0.000061863313,6
0.094924021248,0.007156078363,0.036989879320,0.001310019053,0.000012732156,0.000029023660,-0.000090299039,6
0.104957798510,0.021455807231,0.063815127662,0.000915442912,-0.000052603283,0.000038779988,0.000046137018,6
0.092136284711,0.002714433256,0.063815944763,0.000344695364,0.000016162153,-0.000004406273,0.000000377703,6
0.094059824772,0.012603453621,0.005247233028,0.000346716737,0.000001622241,-0.000007010977,0.000004386187,6
0.094758837461,0.008143789765,0.058611719073,0.000896006882,-0.000040487470,0.000023412170,0.000050763555,6
0.091457444885,0.001000890798,0.041845903778,0.001065792566,0.000070969720,-0.000004149070,0.000005419121,6
0.096236189768,0.012999585764,0.032865596129,0.001342654507,0.000089185712,-0.000004447281,0.000000895338,6
0.096146480043,0.016463303205,0.046782417724,0.002878182638,-0.000073556742,-0.000034348824,-0.000325777871,6
0.098698573998,0.019313819372,0.033192402125,0.001003311904,-0.000035646676,-0.000043988530,-0.000045625027,6
0.095579905108,0.013316913578,0.017939950209,0.000111364132,0.000001573123,-0.000001343251,0.000000055078,6
0.096043340154,0.016865455424,0.050317107139,0.000446201557,0.000020772367,-0.000007742400,-0.000003938297,6
0.103072649345,0.023790484907,0.040548446579,0.000728383315,0.000025097867,0.000006034586,0.000030611168,6
0.097091420798,0.004800427077,0.028109704787,0.001649503967,-0.000087060103,0.000033050149,0.000070967489,6
0.096073526747,0.012118188764,0.033961029743,0.001456444599,0.000073907658,-0.000028309012,-0.000070920845,6
0.093827937570,0.010985354781,0.039825149652,0.000500064950,-0.000017568228,-0.000016417775,0.000013761024,6
0.105291866743,0.037548665879,0.011474940591,0.001316615618,0.000030058934,-0.000022930434,0.000041417532,6
0.093248941504,0.007279904791,0.020670561155,0.000594153634,0.000020230593,-0.000003238838,-0.000004927721,6
0.091508063725,0.005698795062,0.009051020152,0.000052132073,0.000000054919,-0.000000911357,-0.000000353865,6
0.099173122320,0.017720585361,0.009680136162,0.000214893688,-0.000003090596,0.000008943980,0.000000233317,6
0.095679469797,0.012027377627,0.077484172414,0.000244188784,0.000010399200,0.000008397891,-0.000002162798,6
0.098777708623,0.012878754834,0.003158352317,0.000586996785,-0.000006620972,0.000021053442,-0.000004476958,6
0.105951004051,0.029328788548,0.133949302879,0.004374110890,0.000961779683,0.000222384205,-0.000442708382,6
0.103882240001,0.010240278016,0.193353070802,0.003432540794,0.000356113618,0.000045010291,0.000809424291,6
0.101387823368,0.015380241623,0.046296317136,0.000268234344,0.000001700449,0.000004028683,0.000009298250,6
0.088482265318,0.004139090412,0.033950723265,0.000063805089,-0.000000402019,0.000001005257,0.000000848689,6
0.097817950378,0.013293810237,0.086323933329,0.000179308413,0.000001379819,0.000003632020,0.000006918248,6
0.103484190631,0.023922825927,0.016711368708,0.001132766528,-0.000032940963,0.000051045338,0.000036659583,6
0.097112842889,0.011365971281,0.081533185230,0.001425208365,-0.000116217410,-0.000046589561,-0.000100482029,6
0.099831087019,0.016222039454,0.028515330673,0.001054408752,0.000054338464,0.000006681794,0.000019750774,6
0.093488018988,0.004084302509,0.037591225318,0.002155129707,0.000163623911,-0.000000782727,-0.000104186531,6
0.101955704433,0.023137353228,0.003157740763,0.000268123435,-0.000000367434,0.000009106930,0.000002439606,6
0.093683551728,0.010863255646,0.002742793403,0.001018950295,0.000015876660,0.000005229251,-0.000006172632,6
0.098936140704,0.009801742851,0.043087736463,0.000919104303,0.000017643518,0.000016388508,-0.000055082724,6
0.093423908858,0.008504667577,0.007536108717,0.000096059824,-0.000000446870,-0.000001095791,0.000000684325,7
0.092302925299,0.013136532024,0.002461524029,0.000059425362,0.000000152537,-0.000001423437,-0.000000168488,7
0.097381555047,0.012453994064,0.024044044343,0.000499791228,0.000015139615,-0.000008294995,0.000008424149,7
0.097129558619,0.014710611537,0.022210830774,0.001318796410,-0.000062758747,-0.000049923403,0.000033997039,7
0.098962098737,0.018214057575,0.023958023005,0.003085197370,-0.000016237018,-0.000015453147,0.000264749217,7
0.093009108463,0.006888961735,0.011204371801,0.000334346048,-0.000006450506,-0.000007995204,-0.000000517715,7
0.097758879524,0.021031299479,0.053430302236,0.001654412983,0.000133158726,0.000068722012,0.000080395323,7
0.102928653185,0.026171397620,0.048275328291,0.000048230999,-0.000000687053,-0.000001707055,-0.000000263800,7
0.102280122220,0.018929422626,0.005979937957,0.001694798881,-0.000041984916,0.000073736411,-0.000033886974,7
0.095719670408,0.014145817042,0.035569176047,0.000001404885,0.000000002801,-0.000000036156,0.000000001419,7
0.092863149012,0.010694410544,0.021387702163,0.000025109344,-0.000000060715,0.000000396325,-0.000000173702,7
0.096915744981,0.011658079246,0.056994708684,0.001535230075,-0.000108192388,-0.000052384541,-0.000094432804,7
0.102623041539,0.026701634332,0.016103917436,0.000686312385,0.000015909376,0.000026769231,0.000016354914,7
0.096521882437,0.014138871678,0.027839559223,0.000343971137,0.000007286413,0.000009521544,0.000007759367,7
0.101073370035,0.025076810794,0.050740986104,0.000238546963,0.000008088867,0.000011887082,0.000001856945,7
0.102936052355,0.027142171837,0.019696708417,0.000098945635,0.000000124819,0.000002268419,0.000001375661,7
0.099517001575,0.012730325652,0.004800937437,0.001268921469,-0.000020404209,0.000045237024,0.000023760909,7
0.095102092401,0.010471176207,0.019989232822,0.000044671820,-0.000000150705,-0.000001404223,-0.000000394314,7
0.091453512558,0.004303856518,0.032625880308,0.000712867222,0.000025810996,0.000004171447,-0.000022709310,7
0.094392750175,0.011832025972,0.026225579512,0.000199746499,0.000004556557,-0.000002474955,0.000000372261,7
0.098350075037,0.014905570285,0.050673550735,0.000107418656,0.000001859112,0.000003673099,0.000001680650,7
0.099732282326,0.016362726567,0.044859571302,0.001023639459,0.000003288874,0.000032306295,0.000069288217,7
0.102484739236,0.025435560884,0.042749055699,0.000305457276,0.000011037593,0.000015311105,-0.000000090544,7
0.093586769781,0.005918902555,0.038467088225,0.000400149754,0.000005494355,0.000003138583,-0.000014706395,7
0.090516235521,0.006444440035,0.025243593736,0.000215711335,0.000002534330,-0.000004211622,-0.000004349142,7
0.094970562722,0.014241794632,0.017868770812,0.000045564616,-0.000000244065,0.000000273423,0.000000330859,7
0.101115950559,0.020137855144,0.008489914316,0.000832922313,0.000022136341,-0.000005538681,0.000000755147,7
0.104464443862,0.022697185088,0.014321454216,0.000083461793,-0.000000420485,-0.000003966348,-0.000000809826,7
0.097739003391,0.011424615105,0.041938693918,0.000054128437,0.000000272931,0.000001068410,-0.000000768515,7
0.101431094969,0.022418920599,0.018472881699,0.001329183516,-0.000049859125,-0.000062278672,0.000043035649,7
0.094383729378,0.006298804211,0.031137050400,0.000189148286,0.000004142864,0.000000206433,0.000001976780,7
0.102708468164,0.011395244358,0.055807080245,0.000102884222,-0.000000523739,-0.000003470464,-0.000002409014,7
0.099085809394,0.010181493991,0.113954425604,0.002789858630,-0.000450391335,0.000088369913,-0.000211168499,7
0.097706019694,0.021260676069,0.024301895060,0.000415961719,-0.000012620778,-0.000015885933,-0.000003952236,7
0.096657219384,0.014042991960,0.033305760853,0.000527501656,-0.000020667287,-0.000006470883,-0.000007856868,7
0.096427349858,0.017759597150,0.006486361134,0.000320053581,-0.000000509178,0.000010439668,-0.000004583222,7
0.100015591337,0.015832099316,0.046218710435,0.000747369564,0.000002232547,0.000014032304,0.000043868253,7
0.100526575576,0.019462731161,0.000313779548,0.000121187479,0.000000101885,0.000003236867,0.000000213228,7
0.102462108412,0.026643758431,0.012513410607,0.000280769234,0.000003959766,0.000002745046,-0.000003466512,7
0.093618840057,0.010306651537,0.010821225679,0.001870518202,0.000056575428,0.000003608135,0.000062300277,7
0.096339102212,0.013400267101,0.007547327745,0.000271363090,-0.000003850210,-0.000007629823,0.000000507363,7
0.094999276714,0.013338200003,0.009909588111,0.000097986506,0.000000095608,-0.000003426952,0.000000960810,7
0.090402829578,0.005444448499,0.024356039344,0.000109935504,-0.000001685137,0.000002427108,0.000000629605,7
0.097800015604,0.016078565177,0.011329419147,0.000582688004,0.000014668923,-0.000004180810,0.000002993476,7
0.094957746508,0.004863354346,0.032509546604,0.000453022349,-0.000004013259,0.000006771010,-0.000016915856,7
0.097642913263,0.011301738055,0.049289569883,0.000703910793,-0.000002943639,0.000015665109,0.000041357729,7
0.092136575307,0.007615267321,0.068880345497,0.000658276922,0.000010633772,0.000005343816,0.000043031800,7
0.096216951155,0.009859597745,0.013623523387,0.000723559066,-0.000015673593,0.000022133058,0.000016444203,7
0.093846051960,0.006144784927,0.020161226581,0.000822628132,-0.000018699000,0.000018507249,0.000027797403,7
0.099514474246,0.013721367310,0.041500287528,0.003947677871,0.000145057871,0.000065883070,0.000484017720,7
