855712095589533.000000000000,7122234829723648.000000000000,20124628562940.500000000000,31306445900654848.000000000000,604181580222133.000000000000,-38418862353517952.000000000000,48576346751168512.000000000000,1
1005765973231639.500000000000,5651731374931968.000000000000,7171888441656.000000000000,7958877846235904.000000000000,502415077704014.500000000000,-29727667063525760.000000000000,43159667241702400.000000000000,1
1092595310355269.000000000000,64922779157002240.000000000000,-19567092733535.000000000000,34154824413974528.000000000000,521242269711643.500000000000,-20851735747516800.000000000000,34529156172577792.000000000000,1
922690712007934.000000000000,-24399776951154688.000000000000,10448427852686.500000000000,1452937060403200.000000000000,505381470217908.500000000000,-6395772225154048.000000000000,44433864267910144.000000000000,1
970190863669223.500000000000,76214948974928896.000000000000,-44761130384896.500000000000,21156782372931584.000000000000,561261699910203.500000000000,-22541465273082624.000000000000,50861484951760896.000000000000,1
1004980275359754.000000000000,32604406128766976.000000000000,20512985722439.500000000000,31064494582738176.000000000000,502578832806113.000000000000,-56669033909522304.000000000000,74313652524590080.000000000000,1
1020808639064736.500000000000,44080528754878464.000000000000,12801648430180.500000000000,27557347446052864.000000000000,513549120214897.000000000000,-26822658131859712.000000000000,62816712554737664.000000000000,1
907294893879921.000000000000,57279267077156864.000000000000,-7486723399339.500000000000,-21875181537436928.000000000000,551127284449272.000000000000,-40658236706620160.000000000000,75031916664653824.000000000000,1
976793032221609.000000000000,-20574868744343552.000000000000,-16395916334154.000000000000,8996819267170560.000000000000,477896726213474.000000000000,-22748512253103872.000000000000,46539174489479168.000000000000,1
914762961135143.500000000000,80389155131746304.000000000000,43229324374971.000000000000,-29728626438795520.000000000000,480626774051005.000000000000,-82534771846374912.000000000000,68660840659326976.000000000000,1
961058229606218.500000000000,63856535718453248.000000000000,17059921752890.500000000000,-10887029114797824.000000000000,489070860458043.500000000000,-81518092737898624.000000000000,39619147938442240.000000000000,1
916747589665675.000000000000,28446541193426944.000000000000,7166775981087.500000000000,9979350492978176.000000000000,491412739013070.000000000000,-43357202418771584.000000000000,21671349073549312.000000000000,1
772987674787191.000000000000,21863599610853376.000000000000,-7297330057538.000000000000,12368077186084608.000000000000,517746645804583.000000000000,-36872871828702464.000000000000,60991798438142976.000000000000,1
829861095380236.000000000000,43303553221576704.000000000000,-3726266914075.500000000000,-7556377962732800.000000000000,507951837035881.000000000000,-47915047611969664.000000000000,58822204886558720.000000000000,1
989137482697263.500000000000,96331487055314944.000000000000,17904770560274.000000000000,21185829899666688.000000000000,481525989859016.500000000000,-57107882149327616.000000000000,23164642267957248.000000000000,1
951944827610929.000000000000,76886752593604608.000000000000,-11978754660881.500000000000,-715337938934016.000000000000,483679189606783.500000000000,-62729732431575552.000000000000,21932350847995904.000000000000,1
973370293249996.500000000000,6562872066957312.000000000000,-35698098420635.500000000000,4391409918308864.000000000000,513185199209245.500000000000,-76123551247464832.000000000000,12977183427656704.000000000000,1
953559048260111.000000000000,76926546587848704.000000000000,-32885594855284.500000000000,28964456357986816.000000000000,471113277607354.000000000000,-63601048561819904.000000000000,-933208740776960.000000000000,1
932203851177076.500000000000,33611038206670848.000000000000,-5404532030620.500000000000,2038185325540864.000000000000,532521126541240.500000000000,-42261655773876480.000000000000,22449656722237440.000000000000,1
890640397027070.000000000000,48399965092907008.000000000000,15967928794830.500000000000,15848214600586752.000000000000,502321094214959.500000000000,-46128952694032128.000000000000,28141699529160704.000000000000,1
963055021580429.000000000000,56475892462569472.000000000000,61039125861107.500000000000,-29071943768373248.000000000000,484370137026032.500000000000,-59298094526943488.000000000000,30235040176613376.000000000000,1
971852406380346.000000000000,85432480943558656.000000000000,-8273745867557.500000000000,9133412933914112.000000000000,492439665357567.000000000000,-73151833124246912.000000000000,28084047152747520.000000000000,1
901153766765920.000000000000,62876310785796096.000000000000,25787839114408.500000000000,22624544041202432.000000000000,477427624535433.500000000000,-34988862915762944.000000000000,28384647855504384.000000000000,1
1023689404134278.500000000000,96703138540623872.000000000000,-3031868835384.000000000000,12618408116999680.000000000000,500330538859756.500000000000,-61166985363658368.000000000000,57145815405609984.000000000000,1
896789280881083.500000000000,4405567543648256.000000000000,20493906042095.500000000000,-22428606191396608.000000000000,512384577661954.500000000000,-68494982717829760.000000000000,41423657872977920.000000000000,1
993969498047249.000000000000,51088181857691648.000000000000,4772492473391.500000000000,-209358143073792.000000000000,477844954561419.000000000000,-74173747363409152.000000000000,39553623361281024.000000000000,1
984381625502729.500000000000,-22387421504096256.000000000000,4078031212903.000000000000,-7294068750862336.000000000000,522817181401529.000000000000,3863484298513664.000000000000,69938720165095424.000000000000,1
874515924274306.500000000000,64970701297385472.000000000000,22841380670895.000000000000,-3089044867692288.000000000000,518937580076098.000000000000,-62871373269096192.000000000000,54416667809672192.000000000000,1
1003300177683735.500000000000,124604977510739970.000000000000,24438598974288.500000000000,25929616782094336.000000000000,469986898806526.000000000000,-70747910844361344.000000000000,-6056115326472192.000000000000,1
919308543065696.500000000000,45009413272893440.000000000000,-11239614052258.500000000000,20585463115031040.000000000000,485626598343088.500000000000,-45494696902097792.000000000000,69492857757842432.000000000000,1
919286456084466.500000000000,85420038385645568.000000000000,23938953211087.500000000000,-9371619869943808.000000000000,522132337584041.000000000000,-126677541720720770.000000000000,15113961616788480.000000000000,1
1018348867359573.000000000000,27459256271417344.000000000000,15237001153722.500000000000,-10969952995138560.000000000000,511519302281994.000000000000,-67065315587524224.000000000000,44005764300981248.000000000000,1
974034869063834.000000000000,87209855715635200.000000000000,10057517654119.500000000000,-3157241253464320.000000000000,492490244816929.500000000000,-74278630407350016.000000000000,35470144472273920.000000000000,1
862690592346681.500000000000,46818100324196352.000000000000,28530291325396.500000000000,37470668720312320.000000000000,489195732176191.000000000000,-43641027328889088.000000000000,22732119689653248.000000000000,1
931183091317892.500000000000,-16114042866341888.000000000000,-42335362003851.500000000000,51192306670995968.000000000000,453993656091408.500000000000,-35877594596976000.000000000000,76611474102910976.000000000000,1
976173853854872.000000000000,151024107960989700.000000000000,39476446998700.500000000000,26952212284345856.000000000000,459748322217309.000000000000,-91611435333691520.000000000000,13244207595537408.000000000000,1
942398487258104.000000000000,39164345713213440.000000000000,-10000899375191.000000000000,13216398272774144.000000000000,491330335999112.000000000000,-35130498855995904.000000000000,10661370600985600.000000000000,1
933910426778091.500000000000,13995081586024448.000000000000,-13995931194489.500000000000,31847358471282944.000000000000,495077710171742.500000000000,-17331803623965696.000000000000,13844659540148224.000000000000,1
831424858377990.500000000000,27335387256549376.000000000000,-26785728438698.000000000000,8824590846797824.000000000000,488621763187024.000000000000,-29377560315917824.000000000000,2666034292197376.000000000000,1
988432861888974.000000000000,119546875177684990.000000000000,10482847625863.500000000000,-14680942388710656.000000000000,461130584852216.000000000000,-77640189288668288.000000000000,38344929215652864.000000000000,1
968938688678495.000000000000,54579950498906112.000000000000,-77448872381534.000000000000,-30824590825495296.000000000000,508632949444270.000000000000,-56855725280112128.000000000000,56006176808394752.000000000000,1
988611981759319.500000000000,14526625517770752.000000000000,-14159615647561.000000000000,10336887387411200.000000000000,498713303016437.500000000000,-24001030063502720.000000000000,44219806952678400.000000000000,1
871707726696692.000000000000,49854851336902656.000000000000,-52864642546115.500000000000,11518697613800704.000000000000,509211478695097.000000000000,-70581300009164800.000000000000,32879608184435712.000000000000,1
879640770430106.000000000000,72548937775730688.000000000000,3347881353791.000000000000,44965756072582912.000000000000,482448908222313.000000000000,-70947202154952832.000000000000,31553696037926912.000000000000,1
920940572890578.000000000000,73373899619303424.000000000000,15373968717877.500000000000,5138887629793280.000000000000,466440127302149.000000000000,-53185005487176064.000000000000,57606925720566784.000000000000,1
921065331369078.500000000000,34203892036769792.000000000000,-32533467090605.500000000000,-10675775474713088.000000000000,528995452622149.500000000000,-61028884952203520.000000000000,11285528343805952.000000000000,1
956465532224561.000000000000,61312502307213312.000000000000,44876666985648.000000000000,12336493928866816.000000000000,456375666965273.000000000000,-53850913252176000.000000000000,37189369375261696.000000000000,1
947849875250667.000000000000,18922411411111936.000000000000,24482058815545.500000000000,10560825383216384.000000000000,481936259413869.000000000000,-48873119944284672.000000000000,17698511475395584.000000000000,1
943552961046583.500000000000,13845290720307200.000000000000,-13674940162369.500000000000,-368172732174080.000000000000,494454018532353.000000000000,-48302831141467904.000000000000,66631876424819712.000000000000,1
909249024683888.000000000000,34287359618420736.000000000000,27334596553211.500000000000,37279380821807872.000000000000,506220868812073.000000000000,-43991358792181248.000000000000,45626000928293888.000000000000,1
1073386823215083.500000000000,-30121177513492480.000000000000,-80453087648910.500000000000,-29208058791713792.000000000000,517981026437853.500000000000,-18306799827948288.000000000000,26193490078148608.000000000000,2
1130822137805427.000000000000,6177162174775296.000000000000,34821884321008.500000000000,28319771133449984.000000000000,506755222228994.500000000000,-6933653584118400.000000000000,35747184908851200.000000000000,2
1019763870248912.500000000000,27728536978608128.000000000000,38064529039432.500000000000,-37969959645740800.000000000000,510161753551829.500000000000,-69366934498444288.000000000000,61758705403040768.000000000000,2
1053493122198885.000000000000,52140447818573824.000000000000,6667606820086.500000000000,-17583967537541888.000000000000,498803057934358.500000000000,-52399072189146624.000000000000,25634896600406016.000000000000,2
1196545120844325.000000000000,73878929550637056.000000000000,10177173018220.000000000000,3895701495080960.000000000000,514134113067136.000000000000,-56165571508835712.000000000000,55186588781599744.000000000000,2
1170602245930469.500000000000,122403774183884800.000000000000,-7138607532573.500000000000,15984634647431168.000000000000,524296894892071.000000000000,-88354168608183808.000000000000,68405626869925888.000000000000,2
938584059879217.500000000000,34098479478591488.000000000000,-46166574674989.000000000000,26245368087292160.000000000000,572053634273196.000000000000,-30590764724812928.000000000000,48833856683231232.000000000000,2
1067741333988242.500000000000,80253080868554752.000000000000,12914998557096.500000000000,-27667017771746048.000000000000,531110748132628.500000000000,-46044773731324928.000000000000,25233349051370496.000000000000,2
1131204246571582.500000000000,62206080036081664.000000000000,1251540447361.500000000000,-35341903550652416.000000000000,557504942456945.000000000000,-46151424360632576.000000000000,-22788108558813184.000000000000,2
1123097785205840.000000000000,78680764676427776.000000000000,-22455386675369.000000000000,-28365377013823744.000000000000,556993100141657.000000000000,-68881378328278016.000000000000,3369696061099008.000000000000,2
954998584308688.000000000000,106213015140118530.000000000000,-31186991592432.000000000000,10346112734032640.000000000000,513115214531480.500000000000,-55534016546176384.000000000000,64923255805362176.000000000000,2
1027308908657028.000000000000,51375180167254016.000000000000,17774621411300.500000000000,-2601787120787712.000000000000,508861145364044.000000000000,-65316356473169664.000000000000,6884016264123392.000000000000,2
1075760319214979.500000000000,100797268826327040.000000000000,36926607980677.500000000000,-7490713093291008.000000000000,487100859895594.000000000000,-68832286055031808.000000000000,48056883546192896.000000000000,2
1055170802862803.000000000000,4892628438226944.000000000000,1056251626829.000000000000,7227487002019328.000000000000,523652907105407.000000000000,-44124093145173760.000000000000,74993383191906304.000000000000,2
1129350309355866.000000000000,22975356504006656.000000000000,69726470275722.500000000000,-6693472930912256.000000000000,488676651964177.500000000000,-35826058938990336.000000000000,28533722033380352.000000000000,2
1089046336588796.000000000000,-23623722477846528.000000000000,29128712256648.000000000000,-41677070224311040.000000000000,483799735046260.500000000000,13969115052653056.000000000000,24538435406936064.000000000000,2
1092948749136623.000000000000,21135445300772864.000000000000,-5873273376809.000000000000,3915489016364032.000000000000,505897272961140.000000000000,-46932848517554816.000000000000,52296886293319680.000000000000,2
1093334481247057.500000000000,-48333215782735872.000000000000,18267985642114.000000000000,-7567370029356800.000000000000,498525271789854.000000000000,-13571053695247616.000000000000,25210398063004672.000000000000,2
1021550454286334.500000000000,19652813016033280.000000000000,22618204654736.000000000000,-44695830744725504.000000000000,549833369399087.000000000000,-63780919901105536.000000000000,35505196538582016.000000000000,2
1051402840880783.500000000000,30252473029337088.000000000000,16687914695883.500000000000,-6639197526092288.000000000000,503176216554027.000000000000,-44323479557276800.000000000000,30373585866551296.000000000000,2
987939673387129.000000000000,87320610166253568.000000000000,-3824950137068.500000000000,-40899323460856576.000000000000,585306080232619.000000000000,-69615675599959552.000000000000,30387493463224320.000000000000,2
1102527931047559.000000000000,-71182545353156608.000000000000,-9068933375101.500000000000,5490067162974720.000000000000,530367443365159.000000000000,-42035514351240192.000000000000,26953305193165824.000000000000,2
1005056117832479.000000000000,-48488604749135872.000000000000,-13070301073463.000000000000,-4448203594530048.000000000000,548249614024588.500000000000,14836323489475712.000000000000,33720644898555904.000000000000,2
1073460221119373.500000000000,8836713286623232.000000000000,7685394053007.500000000000,5711894170482944.000000000000,550623250323942.000000000000,-35733690354423808.000000000000,41319885969401856.000000000000,2
958323546009779.000000000000,15355078658160640.000000000000,15977998654500.000000000000,30884792368251648.000000000000,575808036070356.500000000000,-47393782202712320.000000000000,65776922627485696.000000000000,2
1015871878370994.000000000000,94489208390307840.000000000000,19266768242021.500000000000,-11155145248314112.000000000000,584491084494231.500000000000,-87942638927253120.000000000000,2324732268947456.000000000000,2
1054762521832977.500000000000,29928417608558592.000000000000,-33815602695524.500000000000,-32380815070433024.000000000000,530705898054896.500000000000,-20949676184352128.000000000000,-4225285950143488.000000000000,2
1093087275561385.000000000000,19176626634018816.000000000000,38372666460546.500000000000,-20909628111764992.000000000000,501023815274243.000000000000,-52814083042043008.000000000000,-1146213533043712.000000000000,2
998358793188719.500000000000,9928406357229568.000000000000,2841149138408.500000000000,-414428779617536.000000000000,571119847688846.500000000000,-56809145041241984.000000000000,28570566552248320.000000000000,2
950398553810733.000000000000,2649254109376512.000000000000,-18427914755397.000000000000,7246368750227712.000000000000,623060269551613.000000000000,-31280210829593856.000000000000,11975195502686208.000000000000,2
1177424588182646.000000000000,64274673786273792.000000000000,-576463386861.000000000000,14401924982097152.000000000000,565834123051329.500000000000,-36650439625796352.000000000000,1607751125334016.000000000000,2
1050121313096757.500000000000,-4430942452506624.000000000000,18059832157138.000000000000,-1754617881068288.000000000000,581069334066975.000000000000,-12306687914198912.000000000000,1712122225350656.000000000000,2
1131376823711345.500000000000,2604811312871424.000000000000,-25242169280398.000000000000,-20297133959756288.000000000000,504973166582900.000000000000,-28394463047970816.000000000000,12616979875886080.000000000000,2
979915666888624.000000000000,102464876068849660.000000000000,-13756208859140.500000000000,-36129038542483456.000000000000,603967463632090.000000000000,-63165130419564800.000000000000,50494638469041152.000000000000,2
1032885197252244.000000000000,-72321270548523008.000000000000,-15083509315995.000000000000,-49081469797140736.000000000000,566531632789114.500000000000,36054218720376064.000000000000,43243225526629376.000000000000,2
981694623815104.000000000000,-11475115710117888.000000000000,16244470712339.000000000000,50436473938971136.000000000000,553609887111394.500000000000,-4362304130341248.000000000000,64350492251767808.000000000000,2
1072722644833825.000000000000,7024589410385920.000000000000,-10464836197433.500000000000,6426344816428800.000000000000,586929850127943.500000000000,-25386863317532032.000000000000,51581702606531584.000000000000,2
954894370595287.500000000000,-15629685188218880.000000000000,5675277499111.000000000000,7178616377427200.000000000000,585784476789490.000000000000,-36070660530551040.000000000000,77014256676247552.000000000000,2
1027967926517133.000000000000,94190273786357760.000000000000,30100297245841.000000000000,21309279742784512.000000000000,543923561636400.500000000000,-39295580896109312.000000000000,9361676375398400.000000000000,2
1050703819927695.000000000000,51449065338382336.000000000000,34648960193912.500000000000,6849106510899968.000000000000,546703637424386.000000000000,-72247910045373568.000000000000,27267848646410240.000000000000,2
923132331870437.500000000000,137279959806691330.000000000000,61060713744708.000000000000,11210677752528640.000000000000,589372968689692.500000000000,-41666603802286464.000000000000,40035227280294912.000000000000,2
1021967111277019.500000000000,-8384012732473344.000000000000,-1702592800891.500000000000,5206522113943040.000000000000,575492996540342.000000000000,-2173190375531648.000000000000,19675439544527872.000000000000,2
968073096667260.000000000000,31779608219695104.000000000000,-5227855750613.000000000000,30365715275800064.000000000000,576833612937505.000000000000,-3350401852667392.000000000000,44327449137830912.000000000000,2
968093975637965.500000000000,24158847728732160.000000000000,4968218212618.000000000000,29606712293425920.000000000000,598078326819369.000000000000,-26171989204351104.000000000000,33360803938694144.000000000000,2
1197461574597029.000000000000,76461264696811520.000000000000,34583605936115.500000000000,31411956215439872.000000000000,545487849653942.000000000000,-51468556469544704.000000000000,79031246810570752.000000000000,2
1111067411593916.500000000000,-91896405502015488.000000000000,32751476920738.000000000000,85683579646564352.000000000000,616316360939061.000000000000,230420774345728.000000000000,24600099786928128.000000000000,2
1232352568907652.500000000000,-24674991052742656.000000000000,-1013405521429.000000000000,2000058702556672.000000000000,493633997704669.000000000000,-18533296905141760.000000000000,22167333556940800.000000000000,2
1058467662838294.000000000000,22716453560293376.000000000000,-15825501953597.000000000000,-2138586484621312.000000000000,574767765790383.500000000000,-85874957969284352.000000000000,38515636469137408.000000000000,2
1066250682790600.000000000000,79135794449565696.000000000000,13250457518329.500000000000,3230862636905728.000000000000,537093954382558.500000000000,-42894683721536896.000000000000,44636986959288320.000000000000,2
909433902443563.000000000000,32549318137374720.000000000000,35965092366578.000000000000,26256272255398144.000000000000,585144313473943.500000000000,-30996776772406784.000000000000,38257020744525824.000000000000,2
912856906273799.000000000000,25147583570089984.000000000000,-7060240888241.000000000000,133744902534912.000000000000,572641743834737.500000000000,-53376679355350528.000000000000,44919326071372800.000000000000,3
931442835490517.000000000000,11684144965384192.000000000000,-2116125620572.000000000000,12702893738460160.000000000000,590534960913449.500000000000,-45460515228137856.000000000000,88250612153940992.000000000000,3
897688198270123.500000000000,-205568209571840.000000000000,40919777108475.000000000000,38089628430659584.000000000000,508560937028915.000000000000,-21912565115449600.000000000000,58781662623763456.000000000000,3
973125312879106.000000000000,68116008685223936.000000000000,10865649843811.500000000000,-7747606570949120.000000000000,545532934149769.000000000000,-73977984733653760.000000000000,41582854034457600.000000000000,3
967754492692243.000000000000,-3726671833862144.000000000000,14049740259750.500000000000,9275065252260352.000000000000,544126779343253.500000000000,-38482122638385408.000000000000,84549757120147456.000000000000,3
907892120582424.000000000000,12159283638964224.000000000000,17200029593074.500000000000,4915041971316224.000000000000,548058450077311.500000000000,-42887818775041152.000000000000,82458553771368448.000000000000,3
865770149195006.000000000000,47533857184280576.000000000000,-4970156277142.000000000000,-2907684573221888.000000000000,535037392642764.500000000000,-72368983953179008.000000000000,39818657272193024.000000000000,3
948350435579637.000000000000,29497090464841728.000000000000,-4322895047781.000000000000,-14542189571459072.000000000000,543807048473571.500000000000,-37398931087928448.000000000000,71288962089562112.000000000000,3
1055671227727609.500000000000,34541673512075264.000000000000,-13110546559529.500000000000,-6194347805293568.000000000000,496779012429959.000000000000,-41820502064060672.000000000000,53246832461700096.000000000000,3
986702321196639.500000000000,59205056551231488.000000000000,-18157080641840.000000000000,-4382970591712000.000000000000,522962591879328.500000000000,-47796314190553984.000000000000,49875919561540608.000000000000,3
939440584866134.500000000000,43938342279542784.000000000000,38595538154500.500000000000,-17758609514748672.000000000000,509511453515219.500000000000,-41199571890293632.000000000000,46574364457384960.000000000000,3
1117358189486240.000000000000,-40318830065905664.000000000000,2811893171293.000000000000,18675162175186944.000000000000,510781095956398.000000000000,-19447908681131520.000000000000,46196049092555776.000000000000,3
1044584373907857.500000000000,2772017324300288.000000000000,30374404171043.000000000000,11906027999463680.000000000000,495718564151243.000000000000,-28485207700158720.000000000000,64907594872292352.000000000000,3
900680948291983.000000000000,11518397958572032.000000000000,10806476821605.500000000000,9784524372405760.000000000000,559467107231193.000000000000,5886067836910336.000000000000,62535551942718464.000000000000,3
1103345054943124.000000000000,75813088202596352.000000000000,46746427835132.000000000000,-17936518516182528.000000000000,458369802086285.500000000000,-36520706750204928.000000000000,40657045323637760.000000000000,3
1046264706836290.000000000000,38569900716478464.000000000000,31652276352293.000000000000,4534131771994112.000000000000,456366180707121.000000000000,-8396521639806720.000000000000,68232824251981824.000000000000,3
1021691999918788.000000000000,-8857615006672896.000000000000,-1895318570402.000000000000,28963760870498816.000000000000,523029740466215.000000000000,-47087770833446784.000000000000,35099508400001024.000000000000,3
855538202091761.000000000000,80928424963424256.000000000000,-6021389173862.000000000000,-21074188464623872.000000000000,505696344303736.000000000000,-49730463431485056.000000000000,70431532339015680.000000000000,3
898003587885902.500000000000,9265183017074688.000000000000,-21210300137283.500000000000,10015099796499712.000000000000,538987483274249.000000000000,-34248684591770624.000000000000,32160225635161088.000000000000,3
1014180060746211.500000000000,64167141792395264.000000000000,-2256717604705.000000000000,16467776196365568.000000000000,529662963986252.500000000000,-78991672623250432.000000000000,36571199069651968.000000000000,3
1038762256201610.000000000000,-2265211389089792.000000000000,-7783253752987.500000000000,-38799247843973120.000000000000,517153711206325.500000000000,-21052359911028352.000000000000,43733679520845824.000000000000,3
939212079507047.500000000000,16913397002510336.000000000000,-3129911069035.000000000000,-3171093856711680.000000000000,493408317256015.000000000000,-22787995164064768.000000000000,50103635575613440.000000000000,3
1013672136146105.000000000000,57531982437656576.000000000000,-27043964709726.000000000000,26123453469230080.000000000000,493073144694911.500000000000,-43656372807648512.000000000000,54968749931884544.000000000000,3
981554589314769.500000000000,61137213254467584.000000000000,10788709594383.500000000000,10055658520763904.000000000000,486725707413832.500000000000,-48381600584927360.000000000000,82479031319889920.000000000000,3
928813406704916.000000000000,51643573796739072.000000000000,-18784982955942.500000000000,-1192227656970752.000000000000,563685975712103.500000000000,-76145491236593152.000000000000,48932149619703808.000000000000,3
925809219991240.000000000000,-17740059487531008.000000000000,-42167826790620.500000000000,44386901243369984.000000000000,497871769108586.500000000000,-6635185632296576.000000000000,89294159800981504.000000000000,3
976723610298684.500000000000,-17937910195124224.000000000000,19660661666707.500000000000,6136709350397440.000000000000,553466195931756.000000000000,-39897911110140416.000000000000,51761169456661504.000000000000,3
922523761755171.500000000000,64728018983898112.000000000000,26905709387504.500000000000,-6829721438142464.000000000000,494805446516065.500000000000,-20776217341734016.000000000000,48397132929713152.000000000000,3
1056408644373398.000000000000,16299864636035072.000000000000,7787264531461.000000000000,5236241777774080.000000000000,487254544533842.500000000000,-24888157627879936.000000000000,15843023662730240.000000000000,3
1004370877949018.500000000000,42137219605827584.000000000000,32709375195889.000000000000,11775100088646400.000000000000,517552063724221.500000000000,-60960667747252224.000000000000,17688888403214336.000000000000,3
1025915388260636.500000000000,108216561118863360.000000000000,3865112093623.500000000000,7560797327443968.000000000000,491991709829503.500000000000,-76001117965355904.000000000000,49128433408899072.000000000000,3
895195497494252.500000000000,67309063641526272.000000000000,-20555040592025.500000000000,7237123562093568.000000000000,487458463106990.000000000000,-41024165621243904.000000000000,37990192419914752.000000000000,3
955911857407987.500000000000,80158087560880128.000000000000,-27219497376397.500000000000,-5449438858715648.000000000000,572332497787348.000000000000,-20408410592833280.000000000000,12870459755368448.000000000000,3
971863517478080.500000000000,44232247501375488.000000000000,55014698282719.500000000000,14047383167518976.000000000000,519053373476223.000000000000,-33994017611028864.000000000000,66261670408342528.000000000000,3
959305351300674.000000000000,77872002649145344.000000000000,18987445729833.000000000000,27480045217687552.000000000000,565883686803775.500000000000,-59762055806397312.000000000000,20628691887722496.000000000000,3
1076990613163375.000000000000,102129004897695740.000000000000,-1714951751659.500000000000,-2131783578568192.000000000000,460411690013944.500000000000,-48561621236403712.000000000000,72013256305084416.000000000000,3
807543390302519.000000000000,67919801711278080.000000000000,12576540566369.500000000000,12155125627244032.000000000000,561273561526480.000000000000,-88558503757373056.000000000000,31674097341885440.000000000000,3
982556847136043.000000000000,18431001968328704.000000000000,10340200818313.500000000000,-34454120650108160.000000000000,525437567692811.500000000000,-32687266216523904.000000000000,50323597580445696.000000000000,3
996139974646487.000000000000,43173545113755648.000000000000,5713692382269.500000000000,-17076868267841280.000000000000,503984272123077.000000000000,-67145133478506880.000000000000,23111503052222464.000000000000,3
1123005130566589.500000000000,78914352765333504.000000000000,-5826894367926.500000000000,17413181993000448.000000000000,462883092604219.000000000000,-43472191573740672.000000000000,57624539412110336.000000000000,3
1065314697585384.000000000000,103351642014412800.000000000000,5820003661241.000000000000,5629628657204224.000000000000,498116194978227.500000000000,-60068068670120320.000000000000,41045893264886784.000000000000,3
1042867059862527.500000000000,-16341432400642048.000000000000,55507494654016.500000000000,-2302217395343104.000000000000,503247026867338.000000000000,-28192956755469568.000000000000,45073405634893824.000000000000,3
809371084618484.500000000000,30559040384260096.000000000000,-15626653567232.000000000000,-16497037713410560.000000000000,582116945680316.500000000000,-49085112479233664.000000000000,63535364218565632.000000000000,3
850440838170974.500000000000,64847156661815296.000000000000,32569200864280.000000000000,-5513284629329664.000000000000,557263452555634.000000000000,-65078753807693056.000000000000,40693077022109696.000000000000,3
1149475685212541.500000000000,38970724399181824.000000000000,-17229287039908.500000000000,-37147542028640256.000000000000,481861134095743.500000000000,-43022035993341312.000000000000,-11198732363799552.000000000000,3
1027580412636179.500000000000,34088425148715008.000000000000,-937661521998.500000000000,45068271594724608.000000000000,512106718313931.500000000000,-42599566458240000.000000000000,47576824211553280.000000000000,3
918109938379528.000000000000,124841376842115070.000000000000,-14340152338528.000000000000,26306035332738816.000000000000,507228888674335.000000000000,-72259820331482496.000000000000,29379832419809280.000000000000,3
1049096754377937.500000000000,69958000505399296.000000000000,-8114002428324.500000000000,12210224627356160.000000000000,503340854664788.000000000000,-47452979247673088.000000000000,65942566098918400.000000000000,3
958776040369328.500000000000,81376356862148608.000000000000,-10326734902972.000000000000,-8001199737281024.000000000000,495117556329784.500000000000,-65019396490876544.000000000000,9523342477472768.000000000000,3
896696882344795.500000000000,51183125496795136.000000000000,-13850749710982.000000000000,27582387043399424.000000000000,524201337837186.000000000000,-49171909682420480.000000000000,56474242613822464.000000000000,3
1060146535987123.000000000000,-29053278898489344.000000000000,-62244953394824.500000000000,-6815726615060480.000000000000,628399655494012.500000000000,-33646930209936896.000000000000,55009021610593280.000000000000,4
1108648107701299.000000000000,107709704932446210.000000000000,15290443469120.000000000000,9805243369189120.000000000000,591008546108219.500000000000,-50431549937349120.000000000000,19278166616538112.000000000000,4
1066138961376943.500000000000,71314412576221184.000000000000,540346209674.000000000000,15739400302028544.000000000000,547922550881515.000000000000,-46435176609919104.000000000000,80871351723975680.000000000000,4
1108054022567867.500000000000,83040453538471936.000000000000,-16259876212021.000000000000,-48415697645651200.000000000000,587116029988983.000000000000,-55467432224675584.000000000000,63813162459523072.000000000000,4
1118892944300219.500000000000,95360848623390720.000000000000,6991077075450.000000000000,40854068471251456.000000000000,582692862376044.500000000000,-80837990046622208.000000000000,53010502838078464.000000000000,4
933856987954291.000000000000,74819998461280256.000000000000,-12984002164988.500000000000,17758806927068416.000000000000,625296139402301.500000000000,-41085023342014080.000000000000,45891866871325696.000000000000,4
1021104875316038.000000000000,52524877506469888.000000000000,-16512717913679.500000000000,3677525990004224.000000000000,637370445041997.500000000000,-40638163791028224.000000000000,52228500574896128.000000000000,4
913013340022283.000000000000,41176623935318016.000000000000,75120472995970.000000000000,3476269909442304.000000000000,662218549336379.500000000000,-58554870359048448.000000000000,57835954263205888.000000000000,4
1114465876749448.500000000000,44267429184741376.000000000000,-25199950351999.000000000000,3074262774048256.000000000000,622265164489649.500000000000,-34401745702357504.000000000000,47252042223731712.000000000000,4
956235853619528.500000000000,61835712345614336.000000000000,12648823170360.000000000000,5986409140439040.000000000000,662712296449116.000000000000,-37673857799122816.000000000000,86284377780678656.000000000000,4
1140741811445721.500000000000,77258881359370240.000000000000,18685714107314.000000000000,-16709690595834880.000000000000,517532925810805.500000000000,-24780480074422400.000000000000,64502170697823232.000000000000,4
1075674931097669.500000000000,58259927115698176.000000000000,-35992624478344.000000000000,9975746709424896.000000000000,555900201118781.500000000000,-80968079002666880.000000000000,56319008580439040.000000000000,4
1013245286878281.000000000000,96939914461210624.000000000000,5389576174574.500000000000,5621715577172992.000000000000,515697990655079.500000000000,-65459193926928512.000000000000,66633963802592256.000000000000,4
953317900235088.000000000000,23907722462892032.000000000000,18692879164766.000000000000,16145823277835776.000000000000,575576514006356.500000000000,-64864324570136576.000000000000,95802155996372992.000000000000,4
926672195658159.000000000000,30980518853734400.000000000000,-34671566578545.500000000000,-9724590042306048.000000000000,632711746166225.500000000000,-39778311595025280.000000000000,41132497999838208.000000000000,4
977681266897809.500000000000,33472825572706304.000000000000,-9076011755282.000000000000,16187103095487488.000000000000,620471383208850.000000000000,-54514171166763008.000000000000,36557377903952896.000000000000,4
1118860965111707.500000000000,112844374286653440.000000000000,21470031228958.000000000000,1932228414717952.000000000000,525837160171502.500000000000,-51458355252899968.000000000000,50914226736202752.000000000000,4
1068770018552643.500000000000,43512105621878784.000000000000,19920347349837.500000000000,-3338546466568704.000000000000,516546777035504.500000000000,-44449861162314624.000000000000,37510971719390208.000000000000,4
1024241399506813.000000000000,56248771612876800.000000000000,-48684415878567.500000000000,42437750269611776.000000000000,556959960594544.500000000000,-34652482465923968.000000000000,73744000129650688.000000000000,4
1005964276391289.000000000000,37819736275132416.000000000000,6821632975733.500000000000,8121086987733760.000000000000,535635032147906.000000000000,-45704551664502400.000000000000,91004375242413056.000000000000,4
1095833535746119.500000000000,134012935408519170.000000000000,18922586772511.500000000000,3751673621231872.000000000000,446153476025063.500000000000,-52961972024633216.000000000000,70812034708816896.000000000000,4
1141907762218116.500000000000,77172703529779200.000000000000,-553065358718.500000000000,29609366288125696.000000000000,514029058074048.000000000000,-54636386786496896.000000000000,67021168367005696.000000000000,4
1069104761290828.000000000000,50224227031345152.000000000000,27709026280960.000000000000,35474742641782528.000000000000,512435744129946.500000000000,-55954363689399552.000000000000,35049879039466496.000000000000,4
921875619248944.000000000000,44718895423866880.000000000000,-6868053316694.500000000000,40268320893338112.000000000000,533918604743555.000000000000,-36638366241425664.000000000000,77885185091143680.000000000000,4
962291582390996.000000000000,13226239649204224.000000000000,5133797730372.500000000000,13547781700458496.000000000000,584791881389992.000000000000,-57214200683512320.000000000000,54064324723909632.000000000000,4
981380546977227.000000000000,69609898352142336.000000000000,-62126771870740.000000000000,24334819664512000.000000000000,650634905839860.500000000000,-76116834656184192.000000000000,56208106692904960.000000000000,4
1070453879533105.500000000000,76358694949408768.000000000000,-20100291015367.500000000000,-42223460011279360.000000000000,609896332722042.000000000000,-54310092237388416.000000000000,81334978886669312.000000000000,4
1036564388344142.000000000000,87069680902592512.000000000000,-30525457210735.500000000000,-617418816666368.000000000000,586987938997272.500000000000,-76130399261823616.000000000000,65852513355526144.000000000000,4
911885989228469.000000000000,32004985259675648.000000000000,-21422066715668.000000000000,-25716064881303808.000000000000,667506940440095.500000000000,-43263156474868480.000000000000,56038234505142272.000000000000,4
1009922747511826.500000000000,3248378345250816.000000000000,6756415372843.500000000000,20222798989299456.000000000000,589531047546963.000000000000,-17592746930711552.000000000000,40611372420865024.000000000000,4
1126324469848708.000000000000,-5237522991955968.000000000000,2964447993574.000000000000,16343900005736192.000000000000,548976375479856.000000000000,1613684502907520.000000000000,23887381213519872.000000000000,4
1198011128233717.000000000000,76069358948573184.000000000000,-71390892109120.500000000000,23974233145423616.000000000000,491549335677935.000000000000,-23698129752629760.000000000000,77678778315115520.000000000000,4
987497925958182.500000000000,-6184725558728704.000000000000,-4215014089754.000000000000,-941491486646272.000000000000,577943657494666.000000000000,-16256583314686336.000000000000,68169444825325568.000000000000,4
1023587637669762.500000000000,63794425084434432.000000000000,8122680585896.500000000000,22407652580658688.000000000000,608043476867724.500000000000,-71883512019235712.000000000000,52468052194471936.000000000000,4
1131030938163149.500000000000,-58869793309134848.000000000000,4819412003584.000000000000,-28265789417704448.000000000000,510983702467418.000000000000,-9050749344678656.000000000000,62494294383557632.000000000000,4
1040469912161932.500000000000,40524890638444544.000000000000,18211795280716.500000000000,5155620716274176.000000000000,566601998775192.000000000000,-60612393867947648.000000000000,75799888037467136.000000000000,4
1148279013645619.000000000000,69621260547803136.000000000000,24447271131374.000000000000,17552028638323456.000000000000,502455457563943.000000000000,-38608414587839616.000000000000,63673884929839104.000000000000,4
1052708011270058.500000000000,46546504353972224.000000000000,-5718364911569.500000000000,18902328389290752.000000000000,551490990515901.000000000000,-24939285925872128.000000000000,74104314872673280.000000000000,4
1068206968397380.000000000000,1120425171607552.000000000000,-22579167335078.000000000000,-13966393655662848.000000000000,571672528621242.000000000000,-48994891213033600.000000000000,72473895413944320.000000000000,4
1015830554159557.500000000000,76038578804615168.000000000000,-1132875650018.000000000000,6279681190077440.000000000000,596663268797569.000000000000,-59858689317451520.000000000000,59850721492599808.000000000000,4
1140684098147868.000000000000,80317022602766336.000000000000,25560565083723.000000000000,3642165277754624.000000000000,552297475605167.000000000000,-55394324933278976.000000000000,53281361542894592.000000000000,4
1024274550476074.500000000000,23788862253756416.000000000000,23815740624194.000000000000,-23611507773297408.000000000000,607091915769171.000000000000,-58335151091618048.000000000000,32743853681166336.000000000000,4
1179041108413760.500000000000,24279899597860864.000000000000,-6368066255916.000000000000,-10571263948191232.000000000000,546045783010488.500000000000,-45525859072423808.000000000000,61695545518599168.000000000000,4
1061146863334155.000000000000,12887106131628032.000000000000,17832268401431.000000000000,6031577793093120.000000000000,558146586332221.500000000000,-16358916863741440.000000000000,70763626700966912.000000000000,4
1146859483507839.500000000000,89063755856234496.000000000000,-9958247305491.500000000000,-24750941658942976.000000000000,529454958231702.500000000000,-25337204960323712.000000000000,61325601352951808.000000000000,4
1165375648844259.000000000000,98851672983347200.000000000000,-12345134925394.000000000000,-7016135716906240.000000000000,516203987663283.500000000000,-44160335265188736.000000000000,59239211550783488.000000000000,4
1110362697626803.500000000000,143795235536074750.000000000000,-8185638408321.500000000000,18696904956661760.000000000000,534758853089363.000000000000,-87655348350397440.000000000000,59208034739609600.000000000000,4
1027926525701506.500000000000,42706630981437440.000000000000,13255376880692.000000000000,37534850589643520.000000000000,565609569599644.000000000000,-61790103768273024.000000000000,34994868898823168.000000000000,4
955237352411787.000000000000,67868320687730688.000000000000,-11127849129290.000000000000,14011562552808704.000000000000,631543987672995.500000000000,-87531150763152384.000000000000,39466150373038080.000000000000,4
1106961077180483.000000000000,42813506020339712.000000000000,-18170583511494.000000000000,10876074565305088.000000000000,546514374957967.000000000000,-25230146459880704.000000000000,48516884457394176.000000000000,4
1128928108643119.500000000000,75724755517038592.000000000000,10068140288146.500000000000,27829920299745024.000000000000,634544347091914.000000000000,-87941298086042496.000000000000,6854979081965568.000000000000,5
1089569410335918.000000000000,-30796344529625088.000000000000,60317746979595.000000000000,-40182273194295296.000000000000,607610940368836.500000000000,-3447194877760896.000000000000,84368012848753664.000000000000,5
1221056914393661.000000000000,32798691032231936.000000000000,6050427543867.500000000000,3814546180061696.000000000000,574979725058435.500000000000,-26105996262650624.000000000000,41482686786072576.000000000000,5
933386431550931.000000000000,20441365068519424.000000000000,-30321593922008.500000000000,36142053754460160.000000000000,686270053263326.500000000000,-34267325489377280.000000000000,22254475885441024.000000000000,5
1266922875764206.000000000000,67899881914644480.000000000000,-26381680441608.000000000000,-8762101682038528.000000000000,592584047131211.000000000000,-20850484351684096.000000000000,59662586939200512.000000000000,5
1167408243927177.000000000000,88126540787427328.000000000000,-27736880216173.000000000000,10631730272311552.000000000000,562155220060772.000000000000,-62283607104999424.000000000000,10490254664054784.000000000000,5
1146464259588628.500000000000,-8641735994548224.000000000000,-58679588714662.500000000000,31842564455545088.000000000000,531674811789204.500000000000,-20874678851587456.000000000000,38154337746275328.000000000000,5
1092707929553933.500000000000,38060788610215936.000000000000,-33840685385318.000000000000,4030803186360832.000000000000,582715825226975.500000000000,-56776790214965888.000000000000,63248897419217920.000000000000,5
1007347735142187.500000000000,20660696221208576.000000000000,35208015271896.000000000000,26906823112370688.000000000000,560476766953696.500000000000,-43810494650859520.000000000000,57621167613846528.000000000000,5
1143430981770822.000000000000,-56800992574930944.000000000000,13521305552710.500000000000,50700160387747840.000000000000,549416716802147.000000000000,19209214423377152.000000000000,25691864464990208.000000000000,5
1131414900354913.500000000000,-19167987785758720.000000000000,3704929037966.000000000000,-19101682880942848.000000000000,568880782330592.000000000000,-29932663494086528.000000000000,69106764633736192.000000000000,5
1254887172887191.500000000000,61208393605683200.000000000000,15975612912384.500000000000,-9910717469399296.000000000000,523938418828091.500000000000,-42907807231586560.000000000000,74445074867000320.000000000000,5
1154836530355959.500000000000,69298004710797312.000000000000,72236799255083.000000000000,-38443142525609728.000000000000,528476766596095.000000000000,-38573059375659008.000000000000,-2721280730526720.000000000000,5
1139168923849790.000000000000,118473916960331780.000000000000,-11166897818250.000000000000,3567041018518016.000000000000,568328561717360.500000000000,-92070385035112576.000000000000,71085533816190976.000000000000,5
986241996086535.000000000000,108847000310261760.000000000000,-38754234721913.500000000000,21074275096191488.000000000000,606192262898798.500000000000,-71582762924991616.000000000000,69742250838862848.000000000000,5
1066994954391929.500000000000,135935552028229630.000000000000,-22121000427869.500000000000,-7830058791395584.000000000000,541883209636287.000000000000,-66548474354630528.000000000000,60839215977624576.000000000000,5
1192076769862880.000000000000,104510165573959680.000000000000,-38165289868.000000000000,29456794726097664.000000000000,560477223716439.500000000000,-71415075662526208.000000000000,61563687053810688.000000000000,5
1145247156519630.000000000000,83929249488971776.000000000000,7512452212109.000000000000,-9660561127599616.000000000000,562049911825018.000000000000,-50698135512504448.000000000000,61678468711832576.000000000000,5
1214174178403360.000000000000,125720047133159420.000000000000,26056415397332.000000000000,9741485984022784.000000000000,572929100328140.500000000000,-80823508853518592.000000000000,12143928695842816.000000000000,5
1114460316411128.500000000000,92466614231205888.000000000000,-9257489361579.000000000000,938153199952128.000000000000,579840746672750.500000000000,-70953341776060160.000000000000,25943420198765568.000000000000,5
1173483209164638.500000000000,82925806652096512.000000000000,14525636283702.500000000000,3167420445743360.000000000000,543628380759041.500000000000,-57101189346322688.000000000000,25976123106233344.000000000000,5
1065090694926077.500000000000,108898153248577540.000000000000,-4968601223706.000000000000,45301610210976512.000000000000,591699212862558.000000000000,-86572207968683776.000000000000,66072227633123328.000000000000,5
1123117391466821.500000000000,-275616985778176.000000000000,-44683880193106.000000000000,44411513407949824.000000000000,576713183196540.500000000000,-22920839172599808.000000000000,15864996393965568.000000000000,5
1019568795826427.000000000000,39059052666716160.000000000000,-70403030245502.500000000000,54259267465436160.000000000000,624807797104055.500000000000,-33497626887594240.000000000000,21842452722625536.000000000000,5
959403649321401.000000000000,-820557812854784.000000000000,-3408445679096.500000000000,-2360743810023168.000000000000,682215198161288.500000000000,-31527405978725120.000000000000,5387084522316800.000000000000,5
1157813245739354.000000000000,72885718986373120.000000000000,-37981631469194.500000000000,3702821770028288.000000000000,551067284636762.500000000000,-76986647325027712.000000000000,25439090506289152.000000000000,5
949127904110360.000000000000,486325878755328.000000000000,-27495217444716.000000000000,26484527291104000.000000000000,584055057909047.500000000000,-13550479852869504.000000000000,74061061488079872.000000000000,5
1229753254973950.500000000000,145127005978349570.000000000000,-27674574305057.000000000000,-28892476406130432.000000000000,461966131858963.000000000000,-59148740020115072.000000000000,52767351638710272.000000000000,5
980911177396076.500000000000,23183841270157312.000000000000,13575037338157.500000000000,21835867156903168.000000000000,607527709270283.500000000000,-49019216265654784.000000000000,36573113343496192.000000000000,5
1149021964276363.000000000000,70142707105964032.000000000000,43062295164940.000000000000,-5177162504324096.000000000000,518214466211592.500000000000,-50289510494984320.000000000000,27531849551586304.000000000000,5
1277541069361568.000000000000,17704110174171136.000000000000,47878719793312.500000000000,24307936149212160.000000000000,473345610061675.500000000000,-14179649758598144.000000000000,66879469051530240.000000000000,5
1113081934137762.500000000000,101183412438890500.000000000000,-16026010316151.500000000000,-42804921880064.000000000000,563142670762601.000000000000,-80730923719337472.000000000000,60973277743009792.000000000000,5
988238810306602.000000000000,52597411411099648.000000000000,25329450690399.000000000000,37687359473652480.000000000000,572322215447574.000000000000,-60238491548418816.000000000000,70618033282969600.000000000000,5
1111085818425318.000000000000,86267423686109184.000000000000,-4874077811268.000000000000,-8995669869232896.000000000000,524410808228810.500000000000,-52419621352869504.000000000000,71402083212011520.000000000000,5
1039615674829213.000000000000,127024098411980800.000000000000,47781364568667.000000000000,63505494708918784.000000000000,565278422686799.500000000000,-89799669162059008.000000000000,40293085612296192.000000000000,5
1184843120114174.000000000000,100816735297413120.000000000000,-9684981509375.000000000000,15813636580402688.000000000000,608638038625688.000000000000,-79134887667494784.000000000000,47359883662978048.000000000000,5
1173426893538912.500000000000,41488525438986240.000000000000,35790881193495.500000000000,-2954277083478784.000000000000,504275445428525.500000000000,-27948870898578560.000000000000,85699258457464832.000000000000,5
1049227199273140.000000000000,85889360263917568.000000000000,-51387206384342.000000000000,24409282212263168.000000000000,588619487115878.000000000000,-65892126612448896.000000000000,62911719365371904.000000000000,5
1047278401021135.500000000000,98005762951186432.000000000000,-31938328031413.500000000000,-34102983182420480.000000000000,595959395836973.500000000000,-44277117635282560.000000000000,105706314347283460.000000000000,5
1170190148135137.000000000000,145812882803496960.000000000000,-19735626600755.500000000000,-20437747449986304.000000000000,553656058006489.000000000000,-72111259906585600.000000000000,83467757855046656.000000000000,5
1132167114279393.000000000000,-43788907482554368.000000000000,-13266315508716.500000000000,-14985186147981824.000000000000,497189163253604.500000000000,15991586718921984.000000000000,98055995793622016.000000000000,5
1088929279668469.500000000000,100237718618353660.000000000000,3064051660715.000000000000,3164157814557184.000000000000,556925151463800.500000000000,-53501497510664320.000000000000,68835555199777792.000000000000,5
1126651473040765.500000000000,107703677931788290.000000000000,31204029366842.000000000000,-2254934782510080.000000000000,550852213007541.000000000000,-52183143226047104.000000000000,93596928654519296.000000000000,5
1075515724467346.500000000000,-9062519139000320.000000000000,-19828152700653.000000000000,17310914114152960.000000000000,576636927532154.000000000000,-74979171475404800.000000000000,23738000701332480.000000000000,5
1002561338206014.500000000000,15207452903380992.000000000000,-24168096952642.500000000000,-9908205061751808.000000000000,542924549782538.500000000000,-39097721042556672.000000000000,48629414309665792.000000000000,5
1119637076127205.500000000000,2514197344008192.000000000000,54013265145673.000000000000,-2263799650464256.000000000000,512997200021407.500000000000,-21467526138509056.000000000000,41319985329968128.000000000000,5
967869689832014.000000000000,53189226819979264.000000000000,-21274123649088.500000000000,29378394548425728.000000000000,647683761129080.500000000000,-96198360356071040.000000000000,62629172399230976.000000000000,5
1280913189839765.000000000000,17802486534320128.000000000000,-11261848681054.500000000000,-43020540453821696.000000000000,571120751953197.000000000000,-44363505128041984.000000000000,63449807349761024.000000000000,5
1089334082241396.000000000000,96659436014618624.000000000000,63677132650350.000000000000,540476414365952.000000000000,532794664843856.000000000000,-42902682051318144.000000000000,89744306442461184.000000000000,5
1062233179320143.500000000000,85150524820944896.000000000000,16085241015850.500000000000,9959882757993728.000000000000,560927156890380.000000000000,-49519401055092352.000000000000,76628284919671808.000000000000,5
740240823030617.500000000000,60261377232519168.000000000000,-7588804273653.000000000000,-10398159709022208.000000000000,536375438566008.500000000000,-76880703201226112.000000000000,67465098562783232.000000000000,6
837471801372410.000000000000,3733352437745664.000000000000,-5537249085880.000000000000,23558606602051840.000000000000,514079163922995.000000000000,-33945212716519040.000000000000,43947839648549888.000000000000,6
1020466360751939.500000000000,-23759255899967488.000000000000,35158155188595.500000000000,-12853403037028864.000000000000,445179841045815.500000000000,-4557533540877440.000000000000,43417785006386176.000000000000,6
854605015118620.500000000000,70965013835082752.000000000000,3763528242550.500000000000,29204150675682048.000000000000,502460835142484.000000000000,-39912255112547584.000000000000,74903029977263104.000000000000,6
740270278825528.500000000000,55152883115841536.000000000000,-54230018958452.000000000000,-29238030299979264.000000000000,507634582962835.000000000000,-29174749799863936.000000000000,79327024396141568.000000000000,6
755910882286619.000000000000,-8983636365312000.000000000000,55309976364953.000000000000,-39983181223477760.000000000000,558129358618829.000000000000,-12836594473404544.000000000000,58183827613939712.000000000000,6
951386790320060.500000000000,47757176024195072.000000000000,10856660944506.000000000000,-9885113473743872.000000000000,435519261388649.000000000000,-16636438429618688.000000000000,54666892122650624.000000000000,6
882969355685164.000000000000,-6662193989994496.000000000000,-11585916586360.000000000000,58435237811512832.000000000000,478733783954199.000000000000,-21923084123964032.000000000000,50629305647099904.000000000000,6
862988509176320.500000000000,79593204980762624.000000000000,5707960114347.000000000000,35959586238170880.000000000000,459138185807212.000000000000,-33204087454953472.000000000000,57685556058675200.000000000000,6
815722518189538.500000000000,78363503964319744.000000000000,-3841152055923.500000000000,7017923367038464.000000000000,493634319990379.000000000000,-54027290889815680.000000000000,55382323681915904.000000000000,6
854393590064789.000000000000,1659748511825920.000000000000,13357896745329.500000000000,39959343779258624.000000000000,490166982424657.500000000000,-10676558250768384.000000000000,66398031216655360.000000000000,6
844031485184195.500000000000,28829298122637312.000000000000,-15307260486176.000000000000,59776514292513536.000000000000,550052181296814.500000000000,-18580226786688128.000000000000,53221397844528128.000000000000,6
766148981964538.500000000000,73889717548053504.000000000000,-10963025449895.500000000000,35458494581982208.000000000000,527618419733037.500000000000,-32630635034847744.000000000000,36085039898146816.000000000000,6
840762255819255.000000000000,-20772923460411392.000000000000,-4957034258647.500000000000,32196059122258176.000000000000,474990558576444.000000000000,17014028576273792.000000000000,76397966057549824.000000000000,6
884713762674318.500000000000,18760895873132544.000000000000,3651459239212.000000000000,7877257429867776.000000000000,478698734254177.000000000000,6412849606184704.000000000000,67353589315694592.000000000000,6
830578413059818.500000000000,24636007520516096.000000000000,-58713751143502.000000000000,56924191171748608.000000000000,510325638281347.500000000000,7649114475784832.000000000000,40565272228510720.000000000000,6
792317322815817.000000000000,-3967560947709952.000000000000,-4921262307887.000000000000,-46171913401849088.000000000000,552937322203278.500000000000,-26844462419030528.000000000000,58989916461627392.000000000000,6
824453057490887.000000000000,44110416047374336.000000000000,32658440169352.500000000000,-21191149009694976.000000000000,544420120159858.500000000000,-38649200692023936.000000000000,65380787097793536.000000000000,6
997536867699211.500000000000,47397734636691456.000000000000,-29369820299665.500000000000,809519781589248.000000000000,499292111966063.000000000000,-63560642136983552.000000000000,56378353811549184.000000000000,6
705213545718216.000000000000,47550938312124416.000000000000,33607483161480.000000000000,20738332483336064.000000000000,553508421446286.500000000000,-64820335496931584.000000000000,41194208630708224.000000000000,6
842784595591981.000000000000,8909125275142144.000000000000,21773298543853.500000000000,-15858988815412736.000000000000,475973180218338.500000000000,-7895258276024576.000000000000,42570803974573056.000000000000,6
854290925756203.000000000000,66929372378734592.000000000000,-15382709821191.000000000000,16699408595475968.000000000000,541213890584187.000000000000,-53177359826476416.000000000000,51737257483802624.000000000000,6
698554441768332.500000000000,86001903383052288.000000000000,-1531649608076.000000000000,17317302858768256.000000000000,580064653522541.500000000000,-37023700262264704.000000000000,60713710214565888.000000000000,6
859139784407985.000000000000,40711681400695808.000000000000,-17028642445280.500000000000,37077085194550528.000000000000,483879262131209.000000000000,-30255552223877248.000000000000,64011293414392832.000000000000,6
894354827317312.000000000000,75175245542682624.000000000000,25315455173458.500000000000,-51143044454886400.000000000000,470867294831920.000000000000,-18627434195062144.000000000000,53110732556750848.000000000000,6
917639750889631.500000000000,46253212673267712.000000000000,-37803224003984.500000000000,36430501351880960.000000000000,464073500503914.500000000000,-28506438825806720.000000000000,46121064249098240.000000000000,6
883603120656994.500000000000,44015915571857408.000000000000,-19168120033327.000000000000,-13941672683123712.000000000000,491522809664191.500000000000,-16540241794711040.000000000000,60512354346291200.000000000000,6
881866979331137.500000000000,51682841505667072.000000000000,-1582386934965.000000000000,26811840411966976.000000000000,459802272943263.000000000000,-46282262120714240.000000000000,48692622424464384.000000000000,6
983413709319358.000000000000,31968498011770880.000000000000,-12917958827648.500000000000,11710876953334016.000000000000,464363991969797.000000000000,-56172090698365696.000000000000,34497100643710976.000000000000,6
772263807430300.500000000000,25548301739110400.000000000000,17719803673750.000000000000,23395372028882560.000000000000,552807840988239.500000000000,-39527022836685568.000000000000,52716032819824640.000000000000,6
880713106860462.500000000000,32803792657512448.000000000000,-15596400066560.500000000000,39188354115473664.000000000000,506012546280613.500000000000,-37524884908811136.000000000000,44339185345569792.000000000000,6
890009942160995.500000000000,56976241694951424.000000000000,36690941416202.000000000000,-46048981809700608.000000000000,522628364411465.500000000000,-25754057840293888.000000000000,64139014439590912.000000000000,6
1070537543809478.000000000000,-583014559082496.000000000000,69668471539961.500000000000,-35200268701387776.000000000000,441236366253127.000000000000,-5871021312637312.000000000000,33769004298231808.000000000000,6
799498419751907.000000000000,21612718122231808.000000000000,180000181052.500000000000,37609567614676224.000000000000,518671574682026.000000000000,-23216340006196096.000000000000,49323413566051328.000000000000,6
763221844302531.500000000000,21587524619542528.000000000000,-19413695090522.000000000000,27656206915916032.000000000000,521829316880811.500000000000,-11343168414491136.000000000000,53432732539501568.000000000000,6
863992920939520.500000000000,16293020602279936.000000000000,3457113112186.500000000000,2574293410587392.000000000000,447429591046041.500000000000,-20713944799675392.000000000000,61313102464688128.000000000000,6
854972273898069.000000000000,104973558232837120.000000000000,-25840381145412.500000000000,-10858377628078080.000000000000,493741559883260.000000000000,-46735417942115456.000000000000,51935588252981248.000000000000,6
859686485710395.500000000000,-10309446123603968.000000000000,-16257481783973.500000000000,-6328462986978048.000000000000,492668479224273.500000000000,-10431778473044608.000000000000,55388693074115584.000000000000,6
1003306562018871.500000000000,151771276322998270.000000000000,38271521884128.000000000000,5233253636463872.000000000000,454484654659472.500000000000,-47414432396833920.000000000000,14138878555465728.000000000000,6
845416282676436.000000000000,72977701228541952.000000000000,1446225790941.500000000000,44784876971253248.000000000000,527003168010389.500000000000,-105422019328093440.000000000000,45337900537959424.000000000000,6
829764961471637.500000000000,64174032161641472.000000000000,7601349945972.500000000000,24437771929861120.000000000000,453998245700770.000000000000,-27653110511391488.000000000000,17075490563211264.000000000000,6
740456818831762.000000000000,43991630605641728.000000000000,-8840986574796.500000000000,5203513194931968.000000000000,525396797864519.000000000000,-42858642279791616.000000000000,38754962734500864.000000000000,6
847144083396469.500000000000,99236348102335488.000000000000,-26002183891731.000000000000,-6841599174299648.000000000000,480309415034605.000000000000,-49471239782550144.000000000000,21588809738332160.000000000000,6
914689048615944.000000000000,3347771468707840.000000000000,-11642032576053.000000000000,7635283736171008.000000000000,439366717491551.000000000000,-30105095017543168.000000000000,29441932279063552.000000000000,6
860684681913953.500000000000,58090644940300288.000000000000,30078946108505.500000000000,66010600860798720.000000000000,511184178550490.000000000000,-45890023415269760.000000000000,27617578122821632.000000000000,6
904919687322876.500000000000,19686255876868096.000000000000,-25800945761776.500000000000,27451953400905472.000000000000,485917356747386.500000000000,-36554733180304640.000000000000,20876797672606720.000000000000,6
735639742756937.500000000000,46613234943859712.000000000000,-51876352647468.500000000000,40768438769998336.000000000000,546437314300828.500000000000,-33848653780218624.000000000000,37179942674705408.000000000000,6
931099300636030.000000000000,1480613486755840.000000000000,22188135628123.000000000000,5727131914223872.000000000000,437790257536189.500000000000,-8923326435915008.000000000000,25805506321894400.000000000000,6
845461036372078.000000000000,-7982568577239040.000000000000,-31174691819152.500000000000,19343254598983680.000000000000,497622270716844.500000000000,-2168376240891648.000000000000,32116133074464768.000000000000,6
815714457817376.500000000000,13129046581512192.000000000000,2100540034215.500000000000,-20265737884864512.000000000000,500131401422302.000000000000,-58645566503774976.000000000000,34943713604611072.000000000000,6
784899402932163.000000000000,-20496343032057856.000000000000,16848088679713.500000000000,-11160303293913088.000000000000,488696511463208.500000000000,8087125653262976.000000000000,86367288717276160.000000000000,7
904111189878747.000000000000,-21145979416141824.000000000000,-12608087079153.000000000000,-3353957057272320.000000000000,495851961337271.000000000000,9870741978577920.000000000000,58329407966500864.000000000000,7
934829789804181.000000000000,34011323422976000.000000000000,18067849334330.000000000000,-20987182919568896.000000000000,537837068679397.500000000000,-37520918224427648.000000000000,43589387452271616.000000000000,7
925911649562250.500000000000,8672306106447872.000000000000,-4391262240591.500000000000,-48233323572756992.000000000000,500333197318111.500000000000,-5236727960254976.000000000000,54787687336707072.000000000000,7
946208367552441.000000000000,-28261253557131264.000000000000,82403060106598.500000000000,-57078661947973120.000000000000,500041128349515.500000000000,-655108446863488.000000000000,48567055579315200.000000000000,7
795671046541166.500000000000,37606530943640576.000000000000,21261685789682.500000000000,-16567955979095296.000000000000,520839145482672.500000000000,-11380699084809600.000000000000,66465833905311744.000000000000,7
948166081999943.000000000000,101431672314212350.000000000000,-23321521124107.500000000000,-1031303855057920.000000000000,454494823531599.000000000000,-40346199449604224.000000000000,3368298113280000.000000000000,7
1074972887955952.000000000000,71618615296487424.000000000000,-5532035393502.500000000000,1918537503775744.000000000000,496841372120570.000000000000,-43840031308339072.000000000000,74873521333727232.000000000000,7
969115107055066.000000000000,-10465326329028608.000000000000,-21016138956898.500000000000,-11546649246567424.000000000000,497388464116135.500000000000,-11309400059067904.000000000000,73918987863331840.000000000000,7
929638839559072.500000000000,57057273758453760.000000000000,-7869893700128.000000000000,-8188646558117888.000000000000,508629335619058.000000000000,-42308166220099072.000000000000,34892420813892608.000000000000,7
865942619555781.000000000000,57786584528267264.000000000000,-69376633557893.000000000000,-4814262283506688.000000000000,524486470670662.000000000000,-23979623202616192.000000000000,63012417528933376.000000000000,7
863187200283206.000000000000,73575209450448896.000000000000,-47572866137474.000000000000,41126723312611584.000000000000,503673901019872.500000000000,-46496173497453824.000000000000,45869944691511296.000000000000,7
1060315056833765.000000000000,62030248146167808.000000000000,-8856682720554.500000000000,9617742018782720.000000000000,483540457523084.500000000000,-6748214609409664.000000000000,22515604756374528.000000000000,7
934955938133341.500000000000,68083653777098752.000000000000,-12923141002609.000000000000,14176164138243328.000000000000,510856682293920.000000000000,-31440025001861120.000000000000,28648219344580608.000000000000,7
973740230463367.500000000000,80998661371979776.000000000000,45258934898307.000000000000,8671275011560448.000000000000,467505801294740.500000000000,-29439726053107456.000000000000,37174569282091008.000000000000,7
1008139200196090.500000000000,44901933096011776.000000000000,19264328196015.000000000000,16974072090755072.000000000000,453407222454815.500000000000,-28143102499381888.000000000000,77210226389562368.000000000000,7
884746570101704.000000000000,-17640381955903488.000000000000,-36889667887450.000000000000,11567916511431168.000000000000,510843842291609.500000000000,-23745035309527552.000000000000,22455889837787136.000000000000,7
896201865808435.500000000000,40850394861271040.000000000000,-39145107427681.500000000000,-5880791540770048.000000000000,546427095508613.000000000000,-28695132417791104.000000000000,67869147657838592.000000000000,7
805643431804398.500000000000,43336630288093184.000000000000,-1307602120986.500000000000,-23910489896098304.000000000000,569443612972133.500000000000,-40408609249056128.000000000000,48364705461483520.000000000000,7
903652276043847.000000000000,66706835196303360.000000000000,10529096713679.500000000000,-11401136431358208.000000000000,510414095564103.500000000000,-25373200371329024.000000000000,55169091926976512.000000000000,7
951480958724297.000000000000,80211930922465280.000000000000,7110332363428.000000000000,6223408218099968.000000000000,512810066415427.500000000000,-51784063452396416.000000000000,37866578854850560.000000000000,7
964946025322559.000000000000,21410662408693760.000000000000,-8039571356906.000000000000,37132129119942912.000000000000,516141856335979.500000000000,-52562384320876672.000000000000,18303003645390848.000000000000,7
1001617274641091.500000000000,78899930795255808.000000000000,-11441465133431.000000000000,8748030973799424.000000000000,466041874867893.000000000000,-30363162840889472.000000000000,54418037423649792.000000000000,7
817962168550144.000000000000,57669741507672064.000000000000,-30630885277153.000000000000,-16269233679809792.000000000000,553886246687785.500000000000,-39516375529798016.000000000000,71246156533417984.000000000000,7
813027268555862.500000000000,42093664819757056.000000000000,-38462907051725.000000000000,15988382711690240.000000000000,543905583192444.500000000000,-37665351057933568.000000000000,60665466199347200.000000000000,7
1052108600806342.000000000000,61899607710752768.000000000000,13231329644714.500000000000,2976267912273920.000000000000,552386045537711.000000000000,-31101699896668160.000000000000,48026705092449280.000000000000,7
992113671311728.500000000000,6496179039324160.000000000000,1664682614232.000000000000,-20281346596019968.000000000000,497203547929378.000000000000,-17989219947725568.000000000000,25320819167684608.000000000000,7
976126054578008.000000000000,39144438083973120.000000000000,15576783330115.500000000000,18481497354137856.000000000000,475646004765031.000000000000,-10303679627300864.000000000000,53947185960686592.000000000000,7
942732584533189.000000000000,72344469798330368.000000000000,3594918150883.000000000000,-7081208113466368.000000000000,554828640445553.500000000000,-46776245272585472.000000000000,47847013406472192.000000000000,7
981795647302782.000000000000,22386154034575360.000000000000,-10024284760618.500000000000,-38589650372037888.000000000000,474909587420551.000000000000,559532560705536.000000000000,88718846346005504.000000000000,7
869506371058333.500000000000,50194131753992192.000000000000,-4492702206707.000000000000,20700742557618432.000000000000,580082634398750.500000000000,-35805819744134912.000000000000,2742557279991808.000000000000,7
871107163356477.000000000000,82540454321121280.000000000000,-36297695257904.500000000000,6549120120505600.000000000000,529537710821178.500000000000,-39041867427741696.000000000000,68654531381442560.000000000000,7
939132064170581.000000000000,51421470964111360.000000000000,28854090556460.500000000000,2388222096332800.000000000000,577706025556746.500000000000,-109351648136968450.000000000000,23516807324281856.000000000000,7
1020115010112883.000000000000,53970293516331008.000000000000,10501594743978.000000000000,24078036935546880.000000000000,490248715931575.500000000000,-18873527495064832.000000000000,26597248638016512.000000000000,7
878466267629219.000000000000,62946351179337728.000000000000,-25788157683006.500000000000,-12497496750559744.000000000000,484459080857082.500000000000,-33305647202272256.000000000000,52730471261671424.000000000000,7
961518028192880.000000000000,14939943560255488.000000000000,-2948189780049.500000000000,-13481861719835136.000000000000,489299112115628.000000000000,-9078848185584512.000000000000,25631235141953536.000000000000,7
961240196722532.500000000000,98420717633374208.000000000000,5488163649739.500000000000,14052974059193344.000000000000,516887617791076.000000000000,-30216346185634944.000000000000,53440992164615168.000000000000,7
972239518703969.500000000000,-5704637702090752.000000000000,21060384000859.500000000000,-1526696352328960.000000000000,501063360616785.000000000000,15819692490404736.000000000000,64896616329360384.000000000000,7
1068509381128507.500000000000,20575708298688512.000000000000,22821778486139.000000000000,-11538174550949632.000000000000,491043387564837.000000000000,-18681120424692736.000000000000,55370217065357312.000000000000,7
853320898927766.000000000000,15402874403846144.000000000000,77542580581620.000000000000,-34382072085660416.000000000000,546465024583018.000000000000,-8148419182308224.000000000000,41210971276962816.000000000000,7
971700042662643.500000000000,43433922922649600.000000000000,-13323496635439.500000000000,-17058641979636992.000000000000,535559367817555.000000000000,-1177326431949440.000000000000,31868784974682112.000000000000,7
961577299688556.000000000000,40907504816424960.000000000000,-2668061945358.000000000000,-10926409866095616.000000000000,532554735254806.500000000000,-8164612022973824.000000000000,58702659082897408.000000000000,7
850272333219954.000000000000,46085446589829120.000000000000,6060599961869.500000000000,-3050153790218496.000000000000,578278392406632.500000000000,-34276446895882880.000000000000,13911199229457408.000000000000,7
960284735098137.500000000000,28317315570120704.000000000000,37054749503951.500000000000,-24103350794035712.000000000000,518834006862295.000000000000,-9296871521963136.000000000000,21769562096083968.000000000000,7
948736743848500.500000000000,49793692380520448.000000000000,26807154094146.500000000000,9070512522308608.000000000000,660080170676215.000000000000,-54116612429194624.000000000000,-6729245223747584.000000000000,7
930393230683294.000000000000,38727980119320576.000000000000,-11093182851022.000000000000,17813165675817472.000000000000,552587266627188.000000000000,-58780447181350784.000000000000,49965750814277632.000000000000,7
813294754713038.000000000000,92978702695636992.000000000000,-70542955330056.500000000000,-625099296320768.000000000000,549617671691242.500000000000,-47350494528034048.000000000000,58238921938670592.000000000000,7
923350298686568.500000000000,-2481666370816000.000000000000,-7724558838661.000000000000,15736369595139840.000000000000,560962060703329.000000000000,-33605091769825408.000000000000,19871237338279936.000000000000,7
875985182515736.500000000000,18856426361747456.000000000000,-8154937379613.500000000000,13351198015053056.000000000000,585820707832268.000000000000,-35369880482528512.000000000000,19607886592456704.000000000000,7
971793763912175.000000000000,8560682393532416.000000000000,-12522405830315.500000000000,21390949240526080.000000000000,550527423274174.000000000000,-66263473913695232.000000000000,72774807118020608.000000000000,7
